15.00 4.0073331852 4.12 1.00 11.90 972.00 20.00
. 6.8330317328 3.59 0.00 10.00 961.00 22.00
39.00 4.4886363697 4.764 0.00 9.50 . .
. 7.0578979374 5.12 0.00 13.70 881.00 20.00
40.00 6.8916258971 2.55 0.00 14.30 . 17.00
55.00 5.1873858058 3.25 1.00 32.80 . 20.00
51.00 6.3456363608 . 0.00 18.90 . 21.00
15.00 7.1530516349 . 0.00 18.70 . .
69.00 8.0294328406 . 0.00 16.70 1076.00 24.00
72.00 5.6594822158 4.48 1.00 14.00 1100.00 26.00
76.00 6.4377516497 2.536 0.00 19.40 . .
44.00 4.8441870865 3.92 1.00 11.40 959.00 23.00
33.00 6.7878449823 2.6 0.00 20.10 . 20.00
43.00 4.9199809258 . 1.00 17.90 . 22.00
36.00 6.0958245624 2.449 0.00 18.80 . 19.00
15.00 5.4889377262 2.7 1.00 16.70 . .
52.00 5.5947113796 . 1.00 16.60 . 22.00
. 5.9532433343 . 1.00 14.50 760.00 17.00
61.00 6.5381398238 . 1.00 14.70 . .
70.00 5.4380793089 4.788 1.00 14.40 990.00 24.00
47.00 5.5134287462 2.754 1.00 14.30 . .
46.00 5.8141305318 2.964 1.00 15.50 . .
48.00 6.7141705299 2.57 0.00 23.00 980.00 20.00
65.00 6.4150969592 . 1.00 12.20 . .
50.00 7.8943180638 3.53 0.00 17.30 . 23.00
33.00 6.843749949 5.175 0.00 6.70 . 21.00
38.00 6.0980742822 3.5 0.00 12.70 1010.00 24.00
43.00 6.9536842109 2.85 0.00 13.30 . 23.00
42.00 6.4692503168 4.43 0.00 18.10 . 21.00
. 6.4952655559 2.31 0.00 42.60 . .
. 6.6120410348 . 0.00 16.20 694.00 16.00
54.00 5.1119877884 3.922 1.00 12.60 . 25.00
48.00 6.8575140625 . 0.00 19.60 . 21.00
39.00 7.3051882154 . 0.00 20.00 . 21.00
36.00 7.4910875935 2.6 0.00 20.50 . 22.00
. 4.836281907 2.85 1.00 12.80 . .
68.00 6.6476883736 . 0.00 19.00 . .
63.00 5.6131281064 3.195 1.00 13.10 1089.00 26.00
75.00 5.6489742382 3.672 1.00 13.30 993.00 23.00
19.00 7.085064294 . 0.00 14.70 . 19.00
65.00 6.1092475828 . 1.00 13.30 . .
. 5.4026773819 1.26 1.00 18.10 . .
. 4.8751973232 . 1.00 18.00 . 19.00
33.00 6.2126060958 . 0.00 17.00 . .
39.00 7.6652847185 . 0.00 14.80 . .
73.00 6.6920837425 3.528 1.00 17.70 1020.00 24.00
81.00 5.1298987149 . 1.00 14.20 926.00 22.00
48.00 8.2324401585 . 0.00 18.90 974.00 23.00
41.00 7.587310506 3.728 0.00 21.70 939.00 22.00
49.00 8.4182564436 4.216 0.00 19.60 983.00 23.00
. 4.8598124044 . 1.00 2.30 1000.00 23.00
. 6.2225762681 3.7 1.00 12.80 902.00 21.00
36.00 6.1290502101 4.546 1.00 16.60 940.00 22.00
43.00 5.0562458053 3.894 1.00 13.00 836.00 19.00
83.00 5.3471075307 . 1.00 6.50 1410.00 .
60.00 5.5093883366 . 1.00 12.40 931.00 21.00
56.00 7.2930176798 . 0.00 19.90 871.00 21.00
47.00 7.0264268087 . 0.00 20.50 . .
48.00 7.8539930872 . 0.00 20.30 838.00 21.00
49.00 7.145196135 . 0.00 20.40 . .
24.00 6.0591231956 . 0.00 18.10 . .
49.00 7.3271232923 . 0.00 20.30 839.00 .
59.00 7.4085305669 4.877 0.00 19.80 1002.00 21.00
50.00 7.3562798766 4.862 0.00 18.50 . .
63.00 7.1530516349 5.05 0.00 18.90 899.00 21.00
61.00 7.3018223421 . 0.00 21.20 . .
65.00 6.3368257311 . 0.00 16.40 956.00 22.00
47.00 7.1180162045 . 0.00 19.20 884.00 .
41.00 7.6736881293 . 0.00 19.50 851.00 20.00
43.00 7.6764736464 . 0.00 20.30 809.00 19.00
55.00 7.138073034 . 0.00 17.40 816.00 19.00
46.00 7.2584121506 4.224 0.00 17.40 838.00 19.00
40.00 6.3225652399 5.189 0.00 16.10 968.00 22.00
. 6.133398043 . 0.00 15.30 849.00 19.00
23.00 3.9318256327 . 1.00 15.70 895.00 19.00
47.00 5.8607862235 . 1.00 12.80 957.00 22.00
87.00 5.4249500175 6.01 1.00 9.60 1270.00 28.00
100.00 5.1817835503 6.69 1.00 8.20 1370.00 .
73.00 5.3936275464 5.9 1.00 10.40 1150.00 26.00
91.00 5.9661467391 . 1.00 8.90 1340.00 31.00
73.00 4.9344739331 7.35 1.00 8.20 1150.00 26.00
43.00 4.5747109785 . 1.00 10.40 . .
44.00 3.7612001157 . 1.00 7.80 898.00 .
50.00 4.3174881135 . 1.00 11.60 884.00 .
49.00 5.7838251823 3.855 1.00 12.60 888.00 20.00
47.00 5.4205349993 . 1.00 14.10 903.00 22.00
. 4.7449321284 . 1.00 15.40 829.00 19.00
64.00 4.8828019226 . 1.00 10.30 1050.00 25.00
72.00 4.7273878187 . 1.00 11.90 972.00 21.00
79.00 5.9135030056 5.14 1.00 10.50 1080.00 .
67.00 4.4886363697 . 1.00 10.70 900.00 22.00
54.00 4.9836066217 3.67 1.00 10.50 1008.00 22.00
69.00 5.9532433343 3.825 1.00 12.30 . 22.00
54.00 6.0591231956 . 1.00 16.10 897.00 21.00
66.00 6.5220927982 6.77 1.00 11.60 1099.00 25.00
43.00 5.2626901889 4.124 1.00 18.60 909.00 21.00
78.00 6.1420374056 6.354 1.00 16.10 1032.00 .
96.00 7.3877092391 . 1.00 9.70 1401.00 31.00
78.00 8.0755826367 . 0.00 15.80 1218.00 .
76.00 8.046869511 . 0.00 14.50 1070.00 24.00
66.00 7.8152070622 . 0.00 16.10 1029.00 .
77.00 8.1861859942 . 0.00 11.80 1141.00 .
62.00 7.2930176798 . 0.00 13.40 982.00 23.00
66.00 7.8164169837 . 0.00 13.90 1131.00 26.00
69.00 8.0830199192 . 0.00 18.90 1006.00 .
59.00 7.4483338609 . 0.00 21.30 1059.00 .
73.00 5.723585102 6.205 1.00 8.90 . .
62.00 6.2878585602 6.452 1.00 13.60 977.00 21.00
100.00 6.788971743 . 1.00 13.90 . .
68.00 7.8148034295 6.482 1.00 11.40 1090.00 25.00
65.00 6.3664704477 . 1.00 11.20 975.00 .
87.00 5.8607862235 5.304 0.00 14.90 1051.00 24.00
52.00 5.8406416574 . 1.00 13.60 961.00 .
54.00 4.7095302013 . 1.00 13.50 822.00 20.00
55.00 2.8903717579 . 1.00 7.20 1040.00 .
30.00 3.7135720667 . 1.00 14.40 . .
24.00 6.0282785202 . 0.00 13.40 842.00 21.00
66.00 6.7867169506 . 1.00 15.60 1038.00 .
71.00 4.2046926194 . 1.00 10.90 1172.00 .
84.00 6.6240652278 5.916 1.00 14.20 1034.00 .
55.00 4.9698132996 4.44 1.00 13.10 905.00 22.00
60.00 6.3438804341 3.73 0.00 27.90 . 21.00
84.00 6.1944053911 4.19 1.00 11.30 . .
40.00 7.4366172652 . 0.00 21.50 920.00 22.00
59.00 7.6934816408 . 0.00 19.20 1024.00 25.00
46.00 7.0237589547 3.32 0.00 19.10 . .
59.00 6.7923444275 3.798 0.00 28.80 851.00 20.00
25.00 7.4157769754 . 0.00 21.10 855.00 20.00
53.00 5.730099783 5.48 1.00 14.80 929.00 22.00
36.00 6.405228458 4.38 0.00 19.40 908.00 20.00
88.00 7.0561752841 . 0.00 8.20 . .
66.00 8.1420632831 . 0.00 19.90 . .
67.00 6.3630281035 . 1.00 15.90 1010.00 24.00
52.00 6.4035741979 3.755 0.00 19.40 890.00 21.00
. 5.7620513828 . 0.00 15.00 . .
24.00 5.5645204073 . 0.00 18.10 1007.00 23.00
. 5.7365722975 . 1.00 8.60 867.00 21.00
63.00 4.6347289882 . 1.00 11.50 890.00 23.00
49.00 6.8046145201 4.444 0.00 16.70 871.00 .
91.00 6.0822189104 6.3 1.00 10.70 . .
. 6.2690962837 3.936 0.00 15.50 . .
94.00 6.6605751498 . 1.00 15.10 1058.00 25.00
79.00 5.81711116 5.02 1.00 15.60 929.00 .
. 4.521788577 . 1.00 12.20 . .
86.00 6.6920837425 . 1.00 12.00 . .
82.00 6.2324480166 5.78 1.00 14.80 900.00 .
45.00 6.9508147684 4.796 0.00 15.80 830.00 .
76.00 4.5643481915 4.6 1.00 11.20 . .
91.00 6.1696107325 5.69 1.00 10.40 . .
71.00 5.6240175062 . 0.00 8.30 1186.00 .
51.00 5.0304379214 6.81 1.00 7.90 911.00 .
66.00 7.085064294 6 1.00 10.70 963.00 .
92.00 6.5680779114 5.6 1.00 12.10 1280.00 29.00
50.00 6.3350542515 4.316 0.00 16.90 855.00 .
99.00 7.1831117017 6.51 1.00 5.80 . .
71.00 7.6324011266 5.072 0.00 16.00 1032.00 .
69.00 6.9546388649 6.4 1.00 13.60 1133.00 .
75.00 6.2245584293 6.408 1.00 9.30 . .
. 5.9712618398 5.4 1.00 6.60 . .
72.00 7.3078727808 6.328 1.00 7.60 . .
95.00 7.2370590261 7.131 1.00 7.20 . .
46.00 7.4181808227 3.75 1.00 7.50 883.00 20.00
. 4.1108738642 6.915 1.00 5.70 842.00 20.00
96.00 4.605170186 6.43 1.00 8.30 950.00 22.00
. 7.4483338609 . 0.00 11.70 . .
26.00 6.6385677892 3.81 0.00 13.70 . .
36.00 5.6489742382 . 1.00 27.60 911.00 .
75.00 8.0870254707 4.23 1.00 18.30 1035.00 .
84.00 5.8579331545 4.674 1.00 14.40 800.00 .
56.00 6.4536249989 . 1.00 12.50 . .
72.00 5.6312117818 . 1.00 12.60 900.00 20.00
58.00 6.2952660014 3.396 1.00 13.80 775.00 16.00
33.00 5.463831805 . 1.00 23.20 830.00 19.00
57.00 6.2595814641 4.14 1.00 10.60 1096.00 .
. 4.6151205168 . 1.00 15.10 875.00 22.00
44.00 6.864847778 3.75 1.00 16.50 994.00 25.00
. 7.288244401 2.668 0.00 11.80 . .
48.00 6.7165947735 4.06 0.00 15.60 990.00 22.00
35.00 6.3225652399 3.19 1.00 17.10 . .
59.00 5.9026333334 . 1.00 12.80 1076.00 25.00
68.00 5.9242557974 4.865 1.00 17.40 912.00 23.00
58.00 8.0140049948 4.06 0.00 23.10 . .
. 5.7203117766 4.38 1.00 12.10 . .
65.00 5.7525726388 5.6 1.00 19.00 890.00 21.00
23.00 5.5490760849 4.74 1.00 20.40 905.00 .
90.00 5.9454206086 5.22 1.00 13.30 1059.00 25.00
. 5.3033049081 4.65 1.00 72.40 853.00 21.00
73.00 6.1923624895 4.565 1.00 12.50 . .
66.00 8.1950576909 4.18 0.00 13.40 . .
59.00 7.404279118 6.526 1.00 5.90 . .
47.00 7.5368971296 3.776 0.00 17.00 1045.00 23.00
. 5.7838251823 4.564 1.00 13.90 . .
90.00 4.3694478525 2.9 1.00 15.10 807.00 20.00
46.00 7.5590382554 4.234 0.00 22.20 997.00 23.00
53.00 6.1569789856 . 0.00 23.40 948.00 22.00
69.00 5.8230458955 3.2 1.00 18.10 989.00 23.00
42.00 4.8978398 3.27 1.00 14.40 762.00 17.00
38.00 5.8550719222 . 1.00 19.00 947.00 21.00
66.00 6.9763480704 . 0.00 13.90 1019.00 23.00
47.00 6.3279367837 . 0.00 17.80 1017.00 22.00
59.00 4.9199809258 . 1.00 7.70 . .
62.00 6.3630281035 . 0.00 17.00 . .
88.00 7.1412451224 . 0.00 10.50 907.00 .
53.00 6.6720329455 4.238 1.00 14.90 804.00 19.00
38.00 6.7684932116 . 0.00 18.90 837.00 .
63.00 6.1737861039 3.94 1.00 16.30 . .
49.00 5.062595033 . 1.00 13.70 930.00 .
18.00 7.0917421151 2.37 1.00 12.60 766.00 .
32.00 6.6515718736 . 0.00 16.50 890.00 .
96.00 7.119635638 6 1.00 5.00 1220.00 28.00
39.00 6.4754327167 2.37 0.00 13.90 . .
70.00 7.7301747952 . 0.00 19.30 . .
36.00 5.6937321388 3.219 0.00 17.30 940.00 22.00
46.00 8.0176371599 . 0.00 19.70 844.00 .
26.00 5.7990926545 2.415 0.00 18.10 850.00 20.00
34.00 7.1212524532 . 0.00 19.00 . .
21.00 7.0570369817 . 0.00 19.80 909.00 .
75.00 5.1761497326 . 1.00 12.50 780.00 .
91.00 6.3350542515 4.081 1.00 9.20 1002.00 24.00
83.00 6.5820251389 5.49 1.00 17.80 1026.00 24.00
21.00 6.3885614055 . 1.00 15.70 850.00 19.00
53.00 6.6528630294 . 0.00 17.50 . .
67.00 5.2257466737 . 1.00 13.10 1119.00 27.00
27.00 5.4161004022 2.814 1.00 10.90 . .
31.00 4.8441870865 3.35 1.00 13.20 951.00 .
48.00 6.5875500148 . 0.00 19.00 709.00 17.00
58.00 5.1059454739 . 1.00 13.20 . .
65.00 6.09356977 5.565 1.00 12.50 1002.00 23.00
54.00 5.2040066871 . 1.00 16.80 878.00 21.00
63.00 8.1077200619 3.6 0.00 14.70 1086.00 .
45.00 7.3689704022 2.94 0.00 20.00 841.00 21.00
52.00 4.6913478822 . 1.00 7.60 1013.00 23.00
40.00 7.1936858184 2.973 0.00 19.20 868.00 .
52.00 6.7202201551 2.739 0.00 21.40 811.00 19.00
56.00 5.1984970313 3.744 1.00 19.00 1048.00 24.00
55.00 5.9558373695 5 1.00 16.10 1005.00 23.00
. 4.6347289882 5.49 1.00 14.10 850.00 19.00
. 6.0591231956 . 1.00 16.80 . 20.00
54.00 7.3944931072 3.038 0.00 11.80 978.00 .
. 7.0639039615 . 1.00 23.30 955.00 23.00
31.00 6.2146080984 . 0.00 15.80 850.00 .
58.00 5.0434251169 . 1.00 13.10 795.00 22.00
78.00 5.6524891803 3.797 1.00 8.80 1019.00 24.00
67.00 5.9939614273 3.66 1.00 13.50 . 24.00
74.00 5.1179938124 3.676 1.00 11.00 . 21.00
67.00 5.6167710977 4.39 1.00 12.70 1060.00 25.00
64.00 5.9480349892 4.323 1.00 12.20 1070.00 25.00
87.00 5.7930136084 2.65 1.00 12.50 . 23.00
77.00 6.7322107065 4.57 1.00 15.00 1030.00 25.00
47.00 5.4889377262 3.1 1.00 23.60 949.00 22.00
32.00 5.4510384536 3.36 1.00 12.60 . 20.00
83.00 6.0684255882 4.618 1.00 9.50 1244.00 29.00
65.00 8.1435174058 . 0.00 19.20 . .
. 4.8441870865 3.4 1.00 17.20 . 21.00
70.00 6.2672005485 . 1.00 14.20 . 23.00
77.00 6.3750248198 3.56 1.00 13.80 1110.00 25.00
69.00 4.5325994932 3.64 1.00 12.30 . 20.00
56.00 5.4764635519 3.678 1.00 13.00 . 22.00
64.00 5.0689042022 3.555 1.00 11.30 . .
21.00 4.5538768916 3.65 1.00 13.60 . 21.00
68.00 5.9026333334 3.075 1.00 14.90 . 22.00
70.00 5.7037824747 4.98 1.00 15.80 . .
70.00 5.6204008657 4.02 1.00 14.10 . 22.00
77.00 7.5245612263 2.93 0.00 16.30 . 23.00
45.00 4.9199809258 3.62 1.00 16.50 910.00 22.00
62.00 8.0900957832 . 0.00 13.10 . .
78.00 5.257495372 . 1.00 17.40 . 22.00
67.00 5.843544417 3.61 1.00 12.40 1035.00 24.00
51.00 4.8121843554 3.64 1.00 12.00 . 19.00
40.00 4.9416424226 3.11 1.00 13.30 . .
25.00 7.5432733467 . 0.00 17.00 899.00 21.00
55.00 5.062595033 3.235 1.00 9.40 1011.00 24.00
33.00 7.0361484938 . 0.00 16.50 . 21.00
44.00 6.0591231956 . 0.00 12.10 842.00 21.00
58.00 5.9532433343 2.82 1.00 14.80 . 23.00
45.00 7.1981835771 . 0.00 13.50 980.00 23.00
71.00 6.2085900261 3.244 1.00 12.70 . 25.00
56.00 4.8441870865 . 1.00 9.10 . 21.00
71.00 4.7095302013 . 1.00 9.70 . .
51.00 5.0498560072 . 1.00 14.30 . 21.00
85.00 6.9669671386 . 1.00 14.40 1120.00 25.00
80.00 5.0751738152 . 1.00 17.50 . .
41.00 7.0184017991 . 1.00 13.40 . .
75.00 5.2257466737 . 1.00 12.10 . 23.00
63.00 7.1123274447 4.932 1.00 16.10 1065.00 25.00
76.00 7.355641103 . 0.00 16.20 . 22.00
53.00 4.7273878187 3.45 1.00 10.60 . 22.00
60.00 5.2678581591 . 1.00 14.30 . 22.00
52.00 5.5683445038 . 1.00 15.60 1015.00 23.00
56.00 6.1696107325 . 1.00 12.30 1102.00 25.00
54.00 7.7865518064 . 0.00 21.00 . 22.00
21.00 6.4473058625 . 0.00 15.10 . 17.00
18.00 6.6554403504 . 0.00 15.60 . 18.00
83.00 6.154858094 4.09 1.00 12.90 1151.00 28.00
56.00 4.9199809258 . 1.00 10.60 . 22.00
80.00 4.7957905456 . 1.00 15.90 870.00 18.00
79.00 5.6559918108 4.062 1.00 12.70 1100.00 25.00
77.00 5.6021188209 3.97 1.00 10.70 . .
61.00 5.9788857649 4.52 1.00 14.30 . 20.00
65.00 6.7661917147 . 1.00 6.20 1011.00 24.00
59.00 5.1761497326 3.75 1.00 10.80 . 21.00
52.00 4.7791234931 3.74 1.00 17.70 . 21.00
75.00 6.1224928095 . 1.00 11.40 1052.00 24.00
56.00 5.3181199938 4.1 1.00 11.60 940.00 23.00
71.00 5.6312117818 . 1.00 18.30 . 17.00
76.00 5.730099783 . 1.00 16.40 1039.00 25.00
74.00 5.170483995 4.345 1.00 13.10 992.00 22.00
56.00 7.7819732344 . 0.00 17.30 . 22.00
92.00 7.5506612431 . 1.00 6.80 1270.00 29.00
54.00 5.9610053396 . 1.00 14.60 . .
90.00 4.8598124044 5.344 1.00 9.60 1044.00 .
80.00 5.6937321388 4.14 1.00 16.30 1024.00 23.00
. 5.2781146592 . 1.00 12.30 . 21.00
77.00 5.3844950628 . 1.00 12.20 . 19.00
81.00 4.9487598904 . 1.00 12.90 . .
44.00 7.6769371458 3.256 0.00 14.90 . 22.00
43.00 6.9017372067 3.598 0.00 16.50 . 21.00
75.00 5.5947113796 . 1.00 11.60 . 23.00
55.00 5.6869753563 4.624 1.00 13.70 . 20.00
28.00 5.7589017739 4.11 1.00 21.90 . .
90.00 6.8265452236 6.38 1.00 5.30 . .
81.00 8.6490982623 4.574 0.00 17.40 1139.00 27.00
34.00 7.9047039139 5.088 0.00 10.00 . 21.00
55.00 7.3543623304 3.193 0.00 17.20 . 22.00
85.00 6.3062752869 4.2 1.00 12.70 . .
59.00 6.047372179 3.52 1.00 12.10 885.00 21.00
51.00 8.2555686533 . 0.00 17.70 895.00 21.00
. 5.5872486584 3 1.00 14.60 943.00 22.00
83.00 6.551080335 4.65 1.00 10.90 1028.00 25.00
82.00 6.2045577626 5.02 1.00 11.10 . .
78.00 5.6131281064 4.056 1.00 10.60 1120.00 25.00
77.00 6.5424719605 4.34 1.00 15.80 1036.00 .
60.00 5.6383546693 4.04 1.00 12.50 1013.00 22.00
72.00 5.3981627015 3.73 1.00 9.90 1006.00 .
64.00 5.1179938124 3.818 1.00 15.30 . 21.00
64.00 5.7589017739 3.485 1.00 10.60 1040.00 24.00
47.00 4.8283137373 . 1.00 11.80 902.00 21.00
69.00 5.9610053396 . 1.00 11.10 919.00 21.00
. 5.1179938124 . 1.00 15.40 937.00 22.00
38.00 7.1639466843 3.192 0.00 22.00 813.00 18.00
68.00 8.6781208555 . 0.00 21.30 996.00 24.00
24.00 6.4232469635 . 0.00 13.80 . .
41.00 7.4465850992 . 0.00 16.00 . .
25.00 7.74109909 . 0.00 10.40 816.00 19.00
23.00 6.5834092222 . 0.00 14.70 802.00 .
33.00 6.8101424501 . 0.00 18.20 . .
33.00 6.8875525717 . 0.00 14.40 . .
33.00 6.8145428973 . 0.00 16.70 . .
64.00 5.4764635519 3.85 1.00 11.80 950.00 22.00
61.00 5.4722706737 . 1.00 10.40 867.00 .
34.00 5.9026333334 3.782 1.00 39.80 863.00 21.00
62.00 5.6167710977 2.984 1.00 11.50 . .
67.00 8.6782911118 . 0.00 18.20 998.00 24.00
. . . 0.00 . 890.00 22.00
97.00 5.9427993751 4.206 1.00 13.60 1210.00 30.00
48.00 4.4426512565 . 1.00 12.50 860.00 21.00
67.00 5.4161004022 . 1.00 14.80 917.00 22.00
. 5.170483995 . 1.00 10.60 . .
75.00 4.4773368145 4.13 1.00 10.20 814.00 20.00
98.00 5.9738096119 4.514 1.00 9.90 1026.00 25.00
. 3.5835189385 . 1.00 4.90 . .
98.00 6.0799331951 4 1.00 14.20 1092.00 25.00
65.00 5.6204008657 . 1.00 12.80 911.00 21.00
97.00 7.5527620842 . 1.00 13.10 1220.00 .
95.00 6.2538288116 3.26 1.00 14.20 . .
72.00 5.5451774445 4.195 1.00 9.90 . .
40.00 8.0542048971 . 0.00 16.60 825.00 20.00
65.00 5.3278761688 4.1 1.00 11.00 . 23.00
48.00 5.2983173665 3.363 1.00 11.60 . 23.00
56.00 4.8040210447 3.58 1.00 8.80 . 22.00
44.00 6.6920837425 . 0.00 18.10 . .
49.00 5.1474944768 . 1.00 25.00 . 20.00
58.00 6.7007311095 . 0.00 23.20 . 21.00
50.00 6.7487595475 3.144 0.00 19.30 . 20.00
54.00 7.9490914998 . 0.00 18.50 . .
68.00 4.9972122738 3.25 1.00 12.40 . 21.00
48.00 4.5325994932 3.75 1.00 9.80 . 22.00
46.00 5.463831805 3.245 1.00 14.50 . .
52.00 4.3174881135 . 1.00 11.80 . 21.00
53.00 4.189654742 . 1.00 8.20 . .
36.00 4.8441870865 . 1.00 16.10 843.00 22.00
53.00 4.6913478822 3.41 1.00 10.00 . 22.00
57.00 8.2109397334 . 0.00 13.70 . 23.00
53.00 6.3279367837 3.21 0.00 13.80 . .
32.00 6.797940413 . 0.00 20.40 . 21.00
49.00 5.4161004022 . 1.00 15.40 . 22.00
58.00 5.4026773819 3.85 1.00 14.10 . .
31.00 5.6664266881 2.48 1.00 19.40 . .
. 5.6347896032 2.764 1.00 12.10 989.00 23.00
84.00 5.730099783 2.95 1.00 13.10 989.00 23.00
57.00 6.120297419 2.835 1.00 13.20 979.00 22.00
56.00 4.5951198501 . 1.00 10.10 . .
49.00 5.6970934865 3.07 1.00 17.70 . .
89.00 4.5747109785 . 1.00 10.60 . 20.00
74.00 5.6629604801 4.27 1.00 11.40 1109.00 27.00
63.00 5.9864520053 . 1.00 13.00 890.00 21.00
39.00 7.8018004019 3.196 0.00 19.80 . 19.00
55.00 5.6559918108 3.95 1.00 13.30 . 22.00
19.00 6.0497334552 2.682 0.00 15.00 . .
62.00 5.1647859739 4.15 1.00 11.30 860.00 22.00
. 5.9454206086 3.55 1.00 19.30 . 18.00
52.00 7.1701195434 . 0.00 19.90 . 20.00
52.00 7.0817085861 3.11 0.00 20.20 . 22.00
61.00 5.1298987149 . 1.00 13.40 . .
70.00 5.4971682253 4.45 1.00 12.10 1096.00 26.00
64.00 5.1761497326 . 1.00 14.10 830.00 20.00
52.00 7.8917046593 . 0.00 12.20 . 25.00
31.00 7.5082387747 . 0.00 11.10 . 21.00
66.00 5.3844950628 3.892 1.00 10.50 964.00 23.00
45.00 7.6410842492 3.149 0.00 19.10 . .
52.00 7.4277388405 . 0.00 17.70 . .
66.00 5.3471075307 3.49 1.00 11.30 1060.00 25.00
61.00 6.4785096422 . 1.00 14.10 . 20.00
36.00 6.9957661563 . 0.00 21.80 . 19.00
58.00 7.5496091652 1.306 0.00 24.60 . .
59.00 5.3565862747 . 1.00 10.50 . .
45.00 7.329749689 2.325 0.00 20.00 . 22.00
37.00 8.0323601479 2.98 0.00 15.90 997.00 23.00
35.00 6.2146080984 . 0.00 18.10 . .
19.00 7.3138868316 3.123 0.00 17.90 947.00 21.00
53.00 6.5778613577 5.87 1.00 11.70 1050.00 25.00
34.00 7.329749689 2.31 0.00 21.10 . 19.00
21.00 7.5175208506 . 0.00 20.60 . 20.00
33.00 7.1929342212 2.216 0.00 29.50 . 20.00
73.00 5.1416635565 . 1.00 16.10 . .
29.00 7.7393592027 2.23 0.00 24.30 . 19.00
35.00 6.1944053911 . 0.00 19.60 . 17.00
74.00 7.1090621357 5.95 1.00 9.10 . .
30.00 7.8875840317 . 0.00 22.70 . 19.00
49.00 6.5439118456 . 1.00 14.40 890.00 21.00
33.00 7.4448332739 2.716 0.00 15.90 . 17.00
69.00 5.3936275464 . 1.00 14.70 . .
100.00 6.0354814325 5.3 1.00 8.40 1324.00 25.00
82.00 4.4067192473 . 1.00 11.70 . .
88.00 6.1964441278 . 1.00 13.80 . .
80.00 6.2422232655 6.2 1.00 16.80 1000.00 .
94.00 6.0088131854 6.985 1.00 16.80 . .
82.00 6.4614681764 5.51 1.00 17.50 . .
38.00 6.5680779114 . 1.00 10.20 . .
90.00 7.6750818577 6.96 1.00 16.60 . .
72.00 8.2453844681 6.81 1.00 11.90 1150.00 26.00
46.00 5.0172798368 6.25 1.00 10.20 . .
84.00 6.6066501862 6.75 1.00 9.80 . .
79.00 6.1246833909 4.2 1.00 10.50 . .
86.00 4.8283137373 . 1.00 11.30 890.00 .
95.00 6.4907235345 . 1.00 11.30 1200.00 .
58.00 5.6454468976 5.45 1.00 8.70 810.00 .
70.00 5.2983173665 . 1.00 17.30 980.00 .
62.00 6.1984787165 7.782 1.00 18.00 1020.00 .
. 5.7651911028 . 1.00 12.30 782.00 .
66.00 5.6419070709 4.07 1.00 14.20 992.00 .
100.00 7.3815018945 6.41 1.00 9.90 . .
. 5.1416635565 . 1.00 9.10 800.00 .
58.00 4.4067192473 5.3 1.00 27.80 846.00 .
53.00 6.9966814882 4.164 0.00 16.10 951.00 .
94.00 6.9828627515 5.975 1.00 10.10 1381.00 31.00
51.00 6.9697906699 3.991 0.00 17.10 923.00 .
57.00 6.3578422665 4.03 0.00 14.70 891.00 .
. 6.3733197896 3.366 0.00 21.20 911.00 .
57.00 5.4806389233 4.33 0.00 14.20 897.00 .
45.00 7.1959372265 3.514 0.00 21.00 802.00 .
65.00 6.7153833863 3.788 0.00 15.70 880.00 .
40.00 6.2971093199 3.9 0.00 21.00 832.00 .
84.00 6.2653012127 5.7 1.00 9.00 1120.00 27.00
77.00 6.6783421147 . 1.00 13.50 . .
. 5.3844950628 5.624 1.00 27.70 814.00 .
46.00 7.8308229951 7.425 1.00 12.90 998.00 23.00
67.00 4.8283137373 6.48 1.00 8.90 764.00 20.00
84.00 4.9628446303 . 1.00 10.30 881.00 .
79.00 5.6869753563 . 1.00 8.90 940.00 24.00
90.00 6.4488893941 . 1.00 10.30 . .
56.00 6.9137373507 . 0.00 15.00 905.00 .
76.00 6.2519038832 4.3 1.00 12.80 900.00 .
97.00 6.3716118472 . 1.00 13.00 1010.00 .
60.00 5.8749307309 . 1.00 13.30 854.00 .
92.00 7.0942348459 5.968 1.00 10.30 . .
68.00 8.2469580326 3.897 0.00 16.70 . .
41.00 6.6846117277 . 0.00 14.50 895.00 .
91.00 6.3613024776 5.995 1.00 10.60 1230.00 .
59.00 6.013715156 . 1.00 15.40 837.00 .
71.00 6.0330862218 5.97 1.00 13.20 1080.00 24.00
74.00 5.081404365 . 1.00 9.60 853.00 .
99.00 6.2653012127 5.79 1.00 9.00 . .
82.00 6.5250296578 5.37 1.00 15.20 1200.00 28.00
62.00 5.7333412769 5.475 1.00 11.40 1111.00 .
84.00 4.8828019226 5.62 1.00 8.20 1171.00 .
64.00 6.1136821798 . 1.00 15.40 850.00 .
52.00 3.5553480615 . 1.00 12.10 880.00 .
17.00 6.0088131854 4.075 0.00 22.00 741.00 .
75.00 5.1761497326 . 1.00 11.50 970.00 .
63.00 4.6151205168 3.45 1.00 13.90 . .
. 5.9427993751 . 0.00 16.30 763.00 18.00
54.00 6.8145428973 4.39 0.00 17.80 902.00 .
77.00 5.5134287462 6.174 1.00 9.20 1111.00 .
72.00 5.170483995 . 1.00 14.40 994.00 24.00
90.00 6.8145428973 6.74 1.00 3.30 1292.00 30.00
80.00 6.6039438246 . 1.00 14.70 1070.00 .
29.00 7.2137683081 . 0.00 18.20 871.00 .
80.00 5.7930136084 6.2 1.00 12.80 970.00 .
56.00 6.6012301187 4.69 0.00 17.90 1045.00 22.00
64.00 4.8040210447 . 1.00 7.20 . .
63.00 5.6524891803 . 0.00 11.60 1194.00 .
60.00 7.1024993558 4.48 0.00 17.60 983.00 .
94.00 7.0741168162 . 0.00 6.80 1171.00 .
63.00 8.1341742721 5.146 0.00 18.10 1085.00 .
55.00 6.8926416412 4.408 0.00 18.40 1083.00 23.00
35.00 6.2304814476 3.58 0.00 17.80 739.00 .
72.00 5.4680601411 . 1.00 10.20 920.00 .
65.00 5.365976015 5.318 1.00 11.20 1067.00 .
60.00 5.6276211137 5.34 1.00 12.50 1011.00 .
35.00 5.4595855141 3.63 0.00 15.20 821.00 .
93.00 6.3578422665 . 1.00 9.80 1230.00 .
96.00 6.0354814325 5.885 1.00 11.20 1220.00 .
91.00 6.1224928095 5.59 1.00 10.20 1170.00 26.00
59.00 6.0822189104 3.97 0.00 15.90 . .
38.00 4.6443908991 3.395 0.00 15.00 798.00 .
84.00 5.8888779583 . 1.00 22.00 818.00 .
64.00 5.579729826 . 1.00 11.40 900.00 .
85.00 5.3798973535 . 1.00 27.20 880.00 .
75.00 4.9344739331 4.45 1.00 21.80 830.00 .
56.00 7.4622149398 . 0.00 14.50 989.00 .
64.00 5.1474944768 3.68 0.00 15.10 . .
44.00 5.2203558251 4.75 1.00 11.40 965.00 .
. 6.8079349437 . 0.00 14.60 957.00 .
54.00 5.81711116 3.75 1.00 12.90 . 22.00
73.00 6.1923624895 4.826 1.00 13.70 . .
68.00 5.9532433343 4.552 1.00 15.30 . 26.00
46.00 5.7745515455 3.09 1.00 11.50 . 20.00
65.00 5.3890717298 . 1.00 12.70 . .
81.00 6.8167358806 3.71 1.00 14.80 1072.00 25.00
70.00 7.8395255817 . 0.00 20.40 . .
84.00 4.3040650932 . 1.00 11.60 985.00 20.00
16.00 4.9344739331 . 1.00 12.90 . .
49.00 7.7151236036 . 0.00 20.60 896.00 21.00
57.00 8.13005904 . 0.00 18.20 . .
57.00 7.3530819205 . 0.00 20.60 . 23.00
79.00 5.8493247799 4.7 1.00 12.00 1070.00 24.00
72.00 6.4361503684 4.341 1.00 12.50 . .
74.00 5.8230458955 5.094 1.00 12.40 1201.00 27.00
45.00 5.7430031878 . 1.00 15.80 . 22.00
57.00 5.4424177105 4.152 1.00 14.70 . .
23.00 4.8283137373 1.98 1.00 10.60 . .
71.00 8.7290735505 3.734 0.00 14.00 982.00 23.00
65.00 6.939253946 3.978 0.00 17.00 1132.00 26.00
51.00 6.2576675879 4.186 0.00 19.90 . 20.00
51.00 7.2668273475 . 0.00 22.00 . .
53.00 7.0673198487 . 0.00 19.70 . 23.00
51.00 5.6903594543 3.5 1.00 16.00 . .
40.00 6.5323342922 . 0.00 18.20 . 20.00
47.00 5.2094861528 3.88 1.00 7.20 . 21.00
49.00 5.1984970313 3.55 1.00 15.40 . 21.00
51.00 6.0282785202 3.996 1.00 13.50 937.00 21.00
63.00 6.782192056 . 0.00 18.00 . 24.00
64.00 6.3117348092 . 0.00 17.70 . .
41.00 7.3414838524 . 0.00 10.90 . 21.00
55.00 7.9149830058 4.1 0.00 24.70 . 23.00
. 7.0656133636 . 1.00 38.20 . .
47.00 5.313205979 6.643 1.00 6.80 . 21.00
35.00 5.6524891803 4.385 1.00 91.80 820.00 20.00
87.00 8.4955608913 . 0.00 11.50 1177.00 27.00
58.00 5.5490760849 . 1.00 12.80 1040.00 22.00
46.00 6.3026189757 . 0.00 19.60 . .
91.00 6.1923624895 3.957 1.00 10.40 . .
72.00 6.2363695902 4.221 1.00 13.10 1010.00 23.00
77.00 5.2257466737 4.44 1.00 11.50 951.00 22.00
72.00 5.6276211137 . 1.00 11.60 930.00 23.00
89.00 6.7190131544 4.037 1.00 13.80 994.00 23.00
69.00 6.7202201551 3.165 1.00 13.40 910.00 24.00
45.00 4.9344739331 . 1.00 12.80 . .
80.00 6.4520489544 . 1.00 12.50 1105.00 25.00
65.00 5.7930136084 4.194 1.00 13.00 1110.00 25.00
77.00 6.1136821798 4.772 1.00 11.90 . .
68.00 7.3440728506 . 0.00 19.00 . .
60.00 7.0808678967 . 0.00 18.10 . 22.00
. 5.8636311756 3.003 1.00 14.50 944.00 22.00
51.00 6.2363695902 . 0.00 16.50 . 20.00
58.00 7.5606011628 2.625 0.00 18.90 . .
70.00 6.0958245624 4.081 1.00 12.00 1020.00 24.00
78.00 5.9053618481 3.6 1.00 18.80 . 21.00
83.00 6.6133842184 3.75 1.00 10.00 1100.00 26.00
53.00 7.4121603349 . 0.00 19.00 . 22.00
51.00 6.3767269479 3.12 0.00 14.60 1200.00 26.00
58.00 7.1708884785 . 0.00 20.20 950.00 22.00
45.00 8.1673519871 3.744 0.00 12.20 1052.00 23.00
68.00 5.7365722975 4 1.00 12.10 . .
54.00 4.4543472963 . 1.00 10.60 900.00 22.00
49.00 5.3471075307 3.37 1.00 15.10 . .
50.00 7.2696167496 3.288 0.00 19.70 . 21.00
37.00 4.8828019226 3.7 1.00 15.30 . 20.00
51.00 5.6131281064 . 1.00 14.10 . 22.00
67.00 5.7493929859 3.523 1.00 13.20 . 25.00
62.00 4.836281907 . 1.00 21.50 . .
58.00 5.2040066871 . 1.00 9.40 919.00 23.00
. 6.5337888379 2.728 0.00 14.40 . 18.00
100.00 5.8749307309 4.8 1.00 24.10 870.00 22.00
61.00 5.1298987149 . 1.00 13.10 963.00 24.00
100.00 6.8167358806 . 0.00 20.30 . .
27.00 5.7557422136 5.05 1.00 17.40 800.00 18.00
40.00 6.7428806358 2.611 0.00 19.00 . 19.00
76.00 7.3901814282 . 0.00 15.70 . 26.00
54.00 7.1364832086 . 0.00 21.70 . .
49.00 4.1743872699 . 1.00 18.40 . .
79.00 5.843544417 . 1.00 10.70 . .
87.00 5.7868973814 . 1.00 14.30 . 21.00
45.00 7.2499255367 3.54 0.00 17.10 . .
71.00 6.4645883037 2.5 1.00 15.90 . 23.00
56.00 8.0721553082 2.59 0.00 19.90 . 22.00
67.00 6.8627579131 4.73 1.00 4.60 . .
59.00 5.2678581591 5.2 1.00 10.90 900.00 21.00
58.00 7.9861648603 . 0.00 12.70 1066.00 25.00
49.00 6.7129562007 . 0.00 14.40 1202.00 27.00
44.00 6.4846352356 3.685 0.00 11.60 . 24.00
48.00 6.1717005974 . 0.00 13.40 . .
90.00 7.1340937212 5.775 1.00 3.90 . .
48.00 5.4205349993 4.34 1.00 20.60 1005.00 23.00
62.00 5.2149357576 4.05 1.00 12.50 1000.00 24.00
59.00 5.7525726388 2.97 1.00 11.20 1060.00 24.00
52.00 5.4249500175 4.365 1.00 12.90 941.00 21.00
32.00 4.7004803658 . 1.00 17.90 . 20.00
. 5.1298987149 . 1.00 11.90 . 20.00
35.00 6.1758672701 . 0.00 14.10 . 18.00
. 4.7957905456 . 1.00 15.80 922.00 23.00
66.00 3.8501476017 2.09 1.00 11.30 . 19.00
58.00 6.1290502101 . 0.00 17.10 . .
41.00 7.3530819205 2.446 0.00 15.40 . .
58.00 5.7651911028 4.502 1.00 12.70 1120.00 26.00
61.00 5.7268477476 2.47 1.00 16.50 . 23.00
63.00 5.9401712527 . 0.00 15.80 . 23.00
53.00 7.383368147 3.084 0.00 15.90 . 23.00
56.00 6.3630281035 2.1 0.00 18.60 . 16.00
49.00 5.6419070709 2.048 1.00 19.60 . 16.00
53.00 5.7397929122 . 1.00 14.50 . .
53.00 7.4199799237 3.81 0.00 20.30 . .
45.00 6.9527286446 2.47 0.00 18.70 980.00 22.00
19.00 4.7957905456 2.52 1.00 13.60 . 20.00
58.00 5.5645204073 . 1.00 14.10 950.00 23.00
. 5.5909869805 1.88 1.00 11.80 . .
40.00 6.3902406671 3.3 0.00 18.50 . .
74.00 5.7683209958 3.4 0.00 16.40 1056.00 22.00
37.00 7.4838066877 . 0.00 17.60 960.00 23.00
. 6.4150969592 . 0.00 10.60 . .
68.00 5.598421959 3.362 1.00 11.30 870.00 21.00
30.00 7.3543623304 . 0.00 21.70 946.00 22.00
59.00 5.5451774445 . 0.00 16.40 . 19.00
44.00 7.2647301779 . 0.00 16.70 825.00 .
70.00 7.554858521 2.54 0.00 18.30 990.00 22.00
37.00 5.9763509093 3.42 0.00 13.00 1054.00 24.00
67.00 5.4337220036 3.44 1.00 13.70 840.00 .
34.00 6.1737861039 2.795 1.00 13.50 600.00 .
52.00 4.8598124044 . 1.00 13.20 890.00 .
44.00 5.2626901889 3.095 1.00 12.10 780.00 17.00
63.00 6.4876840185 . 1.00 21.80 915.00 .
55.00 5.6733232672 . 1.00 13.50 915.00 .
94.00 6.1136821798 5.07 1.00 12.00 1230.00 29.00
97.00 7.3670770599 5.95 1.00 5.00 1302.00 30.00
58.00 7.7977020355 3.24 0.00 13.20 921.00 18.00
51.00 6.0038870671 2.648 0.00 14.10 . .
63.00 6.7546040995 3.883 1.00 18.90 922.00 .
24.00 6.1136821798 2.55 0.00 15.10 816.00 .
29.00 5.8051349689 4.27 1.00 15.20 845.00 19.00
39.00 5.170483995 . 1.00 13.00 923.00 .
65.00 5.7868973814 5.16 1.00 15.60 1030.00 24.00
62.00 5.8493247799 4.05 1.00 17.80 879.00 .
37.00 6.0088131854 2.191 1.00 14.20 . .
. 5.3752784077 1.56 1.00 13.20 757.00 .
66.00 5.5568280617 4 1.00 12.00 921.00 21.00
92.00 5.3798973535 3.4 1.00 10.40 . .
69.00 5.9532433343 3.55 1.00 11.90 848.00 20.00
82.00 5.9295891434 . 1.00 13.90 . .
56.00 5.6903594543 3.55 1.00 11.40 . .
15.00 4.6347289882 3.372 1.00 11.10 870.00 20.00
40.00 6.3261494732 3.136 0.00 15.40 . .
52.00 5.2729995586 4.23 1.00 12.70 826.00 20.00
48.00 6.0867747269 2.76 0.00 15.00 818.00 .
48.00 5.0689042022 . 1.00 12.20 831.00 .
58.00 5.0369526024 4.97 1.00 14.00 1005.00 26.00
60.00 4.8828019226 6.3 1.00 11.20 1002.00 24.00
69.00 6.429719478 1.738 1.00 14.40 . .
56.00 5.1357984371 4.575 1.00 13.80 915.00 .
56.00 6.1246833909 3.2 1.00 14.00 813.00 .
62.00 8.0633778224 3.54 0.00 17.50 1071.00 .
83.00 8.1110278382 4.2 0.00 8.90 1121.00 .
62.00 7.4558766875 . 0.00 16.80 926.00 21.00
53.00 7.3132203871 3.505 0.00 15.50 956.00 .
89.00 6.8057225534 . 1.00 4.30 . .
63.00 4.7184988713 . 1.00 11.40 . .
55.00 6.9631899859 2.38 0.00 14.60 867.00 .
55.00 7.2786289423 3.68 0.00 19.10 935.00 21.00
91.00 5.9480349892 3.4 1.00 13.90 842.00 22.00
46.00 5.9532433343 2.762 1.00 13.50 774.00 .
46.00 5.7651911028 2.146 0.00 16.50 . 21.00
54.00 5.5683445038 3.05 1.00 17.00 . 22.00
48.00 5.8348107371 2.855 1.00 18.00 . 21.00
51.00 5.0304379214 . 0.00 15.70 . 20.00
. 6.5235623061 1.912 0.00 20.10 . 21.00
49.00 7.4097419541 2.703 0.00 15.90 1000.00 23.00
40.00 5.3565862747 2.57 0.00 14.90 . .
42.00 7.383989458 2.744 0.00 17.00 1040.00 23.00
80.00 6.3044488024 2.668 0.00 25.00 . 21.00
47.00 4.6728288345 . 1.00 8.90 . .
80.00 5.5294290875 . 1.00 11.10 . .
85.00 6.7753660909 4.372 1.00 6.50 . 25.00
54.00 5.2203558251 3.322 1.00 12.60 . 22.00
60.00 5.4971682253 3 1.00 15.10 . 23.00
52.00 5.5683445038 3.272 1.00 13.00 . 23.00
55.00 7.2562972397 2.63 0.00 19.00 . 21.00
56.00 5.560681631 2.97 1.00 14.50 . .
19.00 7.4764723812 . 0.00 19.70 . .
. 5.9454206086 . 1.00 13.50 . 23.00
44.00 6.1268691841 2.624 0.00 20.10 . 20.00
48.00 5.1239639794 2.69 1.00 8.50 . .
53.00 8.167919363 3.145 0.00 15.10 960.00 22.00
52.00 6.5847913924 2.66 0.00 20.30 . 20.00
. 4.7184988713 . 1.00 17.60 . 18.00
72.00 5.3375380797 5.395 1.00 12.90 883.00 20.00
98.00 6.9911768871 6.07 1.00 4.70 1319.00 .
51.00 6.100318952 4.63 1.00 17.60 827.00 .
59.00 5.2933048247 5.335 1.00 9.50 . .
76.00 5.6767538023 4.74 1.00 38.40 816.00 .
33.00 4.6728288345 4.9 1.00 12.10 815.00 .
81.00 4.9487598904 . 1.00 12.20 . .
97.00 6.2422232655 . 1.00 14.50 993.00 .
75.00 7.8355792467 3.862 0.00 17.50 1012.00 .
61.00 6.7117403951 4.165 0.00 16.10 887.00 .
. 6.617402978 4.033 0.00 18.80 866.00 .
72.00 5.0304379214 4.934 1.00 22.20 928.00 .
60.00 3.0910424534 . 1.00 11.80 1066.00 25.00
38.00 5.5909869805 . 1.00 14.40 . .
55.00 5.3612921657 . 1.00 13.90 919.00 .
24.00 4.4998096703 . 1.00 9.50 970.00 19.00
78.00 4.8040210447 . 1.00 11.40 950.00 .
83.00 5.7714411231 5.566 1.00 10.20 1188.00 .
76.00 4.8441870865 3.95 1.00 12.20 915.00 .
51.00 6.5439118456 . 0.00 22.10 988.00 .
. 5.0434251169 . 1.00 11.20 850.00 .
26.00 6.5381398238 4.8 0.00 14.90 840.00 .
54.00 6.1696107325 5.29 1.00 14.20 934.00 .
58.00 6.7627295069 4.834 0.00 21.50 918.00 .
72.00 6.1800166537 5.376 0.00 13.50 1066.00 .
40.00 7.007600614 3.84 0.00 17.20 880.00 .
38.00 7.0103118673 4.17 0.00 23.50 913.00 .
99.00 7.0501225203 5.91 1.00 8.40 1355.00 .
70.00 6.5930445341 . 1.00 12.30 940.00 .
58.00 6.2126060958 4.748 0.00 17.40 988.00 .
64.00 6.907755279 6.484 1.00 14.40 938.00 .
53.00 6.2728770065 5.52 1.00 12.10 807.00 .
79.00 5.9401712527 . 1.00 19.00 1173.00 .
81.00 6.8501261661 . 0.00 14.40 1111.00 .
43.00 6.100318952 . 1.00 14.00 810.00 .
57.00 5.4467373717 4.748 0.00 18.60 1034.00 .
77.00 8.4162672728 4.766 0.00 19.50 1107.00 .
60.00 6.2225762681 5.4 1.00 16.70 925.00 .
47.00 5.8916442118 4.86 0.00 17.80 970.00 .
64.00 6.56526497 4.351 0.00 19.50 1041.00 .
61.00 4.836281907 5.72 1.00 9.80 . .
80.00 5.2417470151 4.138 1.00 14.00 964.00 21.00
20.00 3.295836866 3.382 1.00 14.30 850.00 19.00
34.00 6.3801225369 . 0.00 19.60 . .
28.00 6.0063531596 2.38 0.00 17.40 . 17.00
34.00 5.4510384536 . 0.00 13.70 . 26.00
40.00 7.4163784792 3.168 0.00 19.60 . 22.00
47.00 6.1527326947 2.26 0.00 15.50 . 17.00
34.00 7.5448610687 . 0.00 14.30 . 22.00
54.00 7.3290937362 4.56 0.00 15.40 920.00 22.00
37.00 7.3746290152 4.952 0.00 14.80 903.00 21.00
29.00 4.605170186 4.5 1.00 7.50 800.00 21.00
56.00 6.238324625 . 1.00 12.20 957.00 .
42.00 6.0161571597 . 1.00 12.40 840.00 18.00
73.00 6.1569789856 5.406 1.00 11.30 . .
79.00 5.6524891803 . 1.00 10.40 . .
64.00 6.6240652278 5.34 1.00 14.60 . .
118.00 6.2672005485 4.84 1.00 14.30 781.00 19.00
43.00 7.2203738367 . 0.00 15.60 916.00 .
34.00 7.1459844677 . 0.00 12.80 893.00 .
39.00 7.2570027071 . 0.00 14.10 845.00 .
46.00 7.466799475 . 0.00 12.50 907.00 .
77.00 6.3225652399 5.58 1.00 15.80 1130.00 .
93.00 6.5889264775 5.565 1.00 10.50 1186.00 27.00
83.00 5.1761497326 . 1.00 11.90 928.00 23.00
. 4.9628446303 . 1.00 37.50 830.00 .
64.00 5.5174528965 . 1.00 14.30 . .
99.00 6.7696419769 6.664 1.00 5.90 1300.00 .
91.00 6.2747620212 8.124 1.00 10.30 1220.00 .
53.00 4.6151205168 4.33 1.00 9.50 902.00 .
95.00 5.2832037287 8.7 1.00 8.10 1340.00 .
93.00 8.0974262986 6.238 1.00 6.90 . .
46.00 5.0562458053 . 1.00 14.60 932.00 22.00
54.00 4.6821312271 . 1.00 12.70 . .
64.00 5.843544417 5.04 1.00 21.50 959.00 23.00
80.00 6.8480052746 . 1.00 14.40 1041.00 .
91.00 6.118097198 5.05 1.00 9.60 1122.00 .
73.00 6.0637852087 4.78 1.00 12.30 1002.00 23.00
79.00 6.2146080984 5.841 1.00 12.10 . .
60.00 7.2071188562 5.92 1.00 13.90 1010.00 24.00
67.00 5.7104270174 3.55 1.00 15.00 1043.00 24.00
. 4.6821312271 4.31 1.00 14.30 700.00 18.00
66.00 6.8167358806 . 1.00 16.00 867.00 19.00
75.00 7.2211050982 6.192 1.00 11.50 . .
51.00 5.1590552992 . 1.00 13.30 946.00 22.00
. 3.9702919136 3.92 1.00 7.00 907.00 25.00
94.00 6.0520891689 4.84 1.00 13.30 . .
79.00 6.3332796281 . 1.00 13.60 1006.00 .
70.00 5.3565862747 6.55 1.00 11.30 1024.00 .
69.00 6.7214257008 5.925 1.00 17.60 990.00 25.00
77.00 4.7621739348 . 1.00 10.30 916.00 .
68.00 5.4764635519 . 1.00 11.70 960.00 24.00
. 6.6694980899 . 1.00 13.80 . .
80.00 5.2203558251 . 1.00 9.70 903.00 .
. 4.9628446303 4.4 1.00 16.20 . .
88.00 5.4722706737 . 1.00 15.30 900.00 19.00
61.00 5.5834963088 . 1.00 13.60 1034.00 24.00
71.00 7.8260440135 . 1.00 7.80 1146.00 .
65.00 6.1463292577 . 1.00 14.20 . .
55.00 5.0751738152 3.81 1.00 11.60 905.00 21.00
62.00 7.3277805384 4.76 1.00 13.80 958.00 .
62.00 5.7104270174 . 1.00 10.40 1110.00 .
58.00 5.6767538023 6.74 1.00 10.80 950.00 .
70.00 6.8416154765 . 1.00 15.40 . 28.00
46.00 5.3565862747 3.546 1.00 13.40 967.00 21.00
68.00 7.2305631534 5.67 1.00 10.80 1075.00 26.00
. 5.5947113796 . 1.00 23.80 890.00 .
64.00 5.9215784196 . 1.00 8.20 984.00 22.00
83.00 5.5721540322 6.694 1.00 6.10 1150.00 .
81.00 6.3818160174 5.685 1.00 12.70 1090.00 25.00
100.00 6.4425401665 5.1 1.00 14.10 1051.00 24.00
78.00 5.926926026 4.927 1.00 17.70 1013.00 25.00
45.00 5.9939614273 . 1.00 19.30 . .
66.00 5.8692969131 5.6 1.00 14.50 990.00 22.00
65.00 7.7882115578 . 1.00 29.30 932.00 .
74.00 5.4026773819 . 1.00 13.60 917.00 19.00
85.00 6.2245584293 5.73 1.00 11.50 1083.00 .
67.00 5.3706380281 . 1.00 16.10 825.00 .
74.00 7.5191499577 4.355 0.00 17.40 1086.00 .
80.00 7.4713630882 4.598 0.00 18.00 1148.00 26.00
57.00 7.4524024512 . 0.00 10.50 1006.00 .
49.00 6.8068293604 4.46 0.00 19.00 952.00 22.00
42.00 6.9324478916 4.04 0.00 18.70 864.00 .
53.00 6.9431224228 4.68 0.00 17.80 984.00 23.00
66.00 6.701960366 4.42 0.00 16.30 997.00 23.00
76.00 7.0414116638 4.17 0.00 19.10 1149.00 26.00
53.00 6.4861607889 4.24 0.00 15.30 1016.00 24.00
60.00 6.7707894239 4.952 0.00 17.10 972.00 22.00
63.00 7.2889276945 4.81 0.00 22.00 1030.00 24.00
65.00 6.7487595475 4.176 0.00 17.90 980.00 22.00
59.00 6.4769723629 4.66 0.00 15.10 1040.00 23.00
67.00 7.8005726547 6.87 1.00 11.30 . .
65.00 5.5451774445 . 1.00 12.30 933.00 28.00
88.00 6.2690962837 6.204 1.00 11.50 . 28.00
71.00 5.6454468976 . 0.00 12.80 . .
95.00 7.1000271666 . 0.00 8.80 1211.00 28.00
80.00 7.1252830915 6.582 1.00 5.90 . .
90.00 6.4815771293 . 1.00 9.70 1228.00 27.00
75.00 6.0330862218 . 1.00 13.20 990.00 .
69.00 4.8675344505 . 1.00 8.30 1080.00 24.00
63.00 6.4068799861 4.192 1.00 5.20 1174.00 .
26.00 6.5596152375 . 0.00 18.90 751.00 .
47.00 7.1701195434 . 0.00 18.20 . .
61.00 6.5610306659 5.57 1.00 21.60 830.00 .
53.00 6.6567265242 5.5 1.00 18.60 . .
46.00 5.9661467391 4.76 0.00 14.90 952.00 .
30.00 6.6437897331 . 0.00 15.30 778.00 .
22.00 5.9135030056 4.42 0.00 25.30 . .
56.00 8.0349550245 . 0.00 13.60 1052.00 .
36.00 6.4676987261 . 0.00 16.50 660.00 .
. 7.4529823295 . 0.00 15.10 . .
59.00 6.4520489544 8.02 1.00 10.20 1089.00 .
48.00 7.2675254278 . 0.00 17.60 845.00 .
. 3.4965075615 . 1.00 7.50 850.00 17.00
66.00 6.0497334552 4.684 1.00 17.40 848.00 21.00
85.00 6.4952655559 4.41 1.00 17.60 997.00 23.00
58.00 5.342334252 3.99 1.00 13.30 972.00 23.00
67.00 8.0313853306 3.352 0.00 21.10 946.00 22.00
83.00 6.1070228877 . 1.00 12.10 . 23.00
67.00 6.5694814204 4.73 1.00 2.90 . .
64.00 6.4232469635 4.41 1.00 15.30 1010.00 24.00
. 6.591673732 . 0.00 21.10 . .
35.00 7.1731917425 . 0.00 18.50 848.00 20.00
100.00 5.4722706737 4.43 1.00 11.10 920.00 21.00
83.00 5.429345629 4.4 1.00 14.90 1004.00 24.00
69.00 6.3153580015 4.69 1.00 11.10 1100.00 24.00
56.00 5.1590552992 . 1.00 12.80 819.00 21.00
81.00 6.2785214242 4.72 1.00 11.60 . .
. 6.0210233493 5.03 1.00 12.40 . 22.00
33.00 6.7696419769 . 1.00 19.60 . .
65.00 5.4847969335 4.41 1.00 12.50 920.00 22.00
79.00 5.4971682253 . 1.00 10.60 1050.00 24.00
89.00 6.7093043403 5.55 1.00 14.50 1063.00 23.00
46.00 8.9126079637 . 0.00 20.80 886.00 21.00
88.00 6.0112671744 3.69 1.00 11.10 1163.00 27.00
46.00 3.4657359028 . 1.00 9.60 . 19.00
55.00 6.0591231956 3.7 1.00 17.60 912.00 21.00
96.00 5.8348107371 3.92 1.00 13.20 . .
81.00 6.1268691841 3.53 1.00 16.70 . 23.00
73.00 5.926926026 3.914 1.00 13.40 926.00 22.00
. 3.7376696183 . 1.00 8.70 838.00 19.00
83.00 6.5191472879 5.82 1.00 10.10 1219.00 29.00
83.00 6.5057840601 4.08 1.00 14.50 1006.00 24.00
64.00 8.0655794273 4.095 0.00 20.40 993.00 24.00
75.00 6.1268691841 5.65 1.00 12.10 1103.00 25.00
87.00 6.0591231956 . 1.00 13.90 . 24.00
39.00 5.537334267 3.8 1.00 19.00 680.00 19.00
43.00 8.0743376941 3.844 0.00 16.70 880.00 20.00
54.00 7.7865518064 4.697 0.00 10.80 997.00 23.00
93.00 7.3178761986 4.22 1.00 14.80 1082.00 25.00
48.00 7.3310603052 3.719 0.00 20.40 951.00 20.00
. 4.8828019226 4.14 1.00 15.00 . 19.00
68.00 4.4543472963 4.202 1.00 10.50 838.00 21.00
68.00 6.1675164909 . 1.00 11.30 . 22.00
. 5.4249500175 3.392 1.00 13.40 1042.00 24.00
67.00 5.4161004022 . 1.00 13.30 . .
78.00 6.3543700408 4.404 1.00 12.80 1101.00 25.00
83.00 6.5439118456 4.96 1.00 13.30 996.00 24.00
50.00 7.5532866056 . 0.00 18.00 . 20.00
56.00 8.5811065172 . 0.00 13.10 . .
58.00 5.811140993 . 1.00 19.80 . 22.00
85.00 8.0986428438 3.96 0.00 17.60 . .
48.00 5.5294290875 3.336 1.00 11.30 1004.00 24.00
. . . 0.00 8.10 . .
. 6.8585650348 . 0.00 17.30 . 19.00
44.00 5.7651911028 3.717 1.00 20.80 . 21.00
36.00 7.1212524532 . 1.00 19.90 . 19.00
. 4.3944491547 2.9 1.00 8.40 870.00 22.00
31.00 7.1899221707 . 0.00 22.80 . 21.00
. 6.2538288116 . 0.00 18.50 . 20.00
. 5.9914645471 2.58 1.00 41.70 . .
25.00 . . 0.00 20.20 . 21.00
29.00 5.8464387751 . 0.00 16.20 . .
50.00 6.1820849067 3.14 1.00 15.10 . 24.00
45.00 5.8607862235 3.15 1.00 16.20 920.00 22.00
40.00 5.6167710977 . 1.00 14.60 1032.00 23.00
43.00 5.3375380797 1.92 0.00 23.60 . 20.00
48.00 7.6875387662 3.346 0.00 15.30 1017.00 24.00
29.00 5.5254529391 1.8 0.00 18.10 . 20.00
39.00 5.1590552992 . 1.00 11.60 888.00 22.00
53.00 6.1025585946 . 0.00 19.60 . 20.00
. 6.82437367 . 0.00 . . 20.00
44.00 7.7111012518 . 0.00 11.50 . 24.00
47.00 6.5453496603 . 1.00 11.50 1101.00 24.00
45.00 6.4488893941 3.994 1.00 15.50 1010.00 23.00
51.00 4.7706846245 . 1.00 16.80 833.00 .
41.00 4.3944491547 . 1.00 14.30 900.00 19.00
. 5.8749307309 . 0.00 11.90 . .
52.00 5.6835797673 4.13 1.00 13.50 960.00 .
69.00 6.1779441141 4.79 1.00 12.30 . .
81.00 6.1268691841 4.21 1.00 17.80 1051.00 25.00
. . . 1.00 16.90 920.00 .
. 6.5439118456 . 0.00 20.00 899.00 .
45.00 7.4006205774 3.444 0.00 13.90 965.00 22.00
41.00 5.6021188209 . 0.00 14.70 903.00 .
42.00 5.6629604801 3.994 1.00 10.90 1021.00 24.00
24.00 6.7298240705 4.365 0.00 20.00 900.00 22.00
68.00 5.7899601709 5.49 1.00 11.80 1235.00 28.00
. 6.6437897331 . 0.00 17.60 919.00 21.00
54.00 7.8422787791 . 0.00 19.70 . .
72.00 6.0378709199 4.1 1.00 13.20 1001.00 .
29.00 3.9702919136 . 1.00 12.90 875.00 21.00
68.00 5.9788857649 . 1.00 13.30 1100.00 25.00
80.00 5.4249500175 4.4 1.00 11.30 1023.00 24.00
76.00 6.1820849067 4.44 1.00 9.90 . .
72.00 5.1239639794 . 1.00 10.80 840.00 18.00
73.00 5.8522024798 . 1.00 12.20 965.00 .
89.00 5.7462031905 . 1.00 12.30 1260.00 .
93.00 6.7592552707 4.75 1.00 14.20 . .
71.00 5.4116460519 . 1.00 16.50 853.00 .
74.00 7.0825485694 5.69 1.00 9.20 1234.00 28.00
74.00 5.2882670307 . 1.00 11.70 960.00 21.00
52.00 4.5108595065 5.23 1.00 9.30 972.00 22.00
73.00 4.836281907 . 1.00 8.30 968.00 .
96.00 5.7589017739 5.76 1.00 12.90 . .
65.00 6.0753460311 4.53 1.00 19.30 913.00 .
87.00 6.1882641231 5 1.00 11.20 . .
61.00 7.0192966537 6.18 1.00 13.10 1015.00 .
75.00 6.910750788 5.114 1.00 13.80 . .
54.00 5.1059454739 4.8 1.00 13.60 931.00 23.00
81.00 6.0544393463 4.4 1.00 12.80 1038.00 .
86.00 6.2304814476 . 1.00 10.90 1100.00 26.00
65.00 6.5191472879 4.28 1.00 13.30 982.00 23.00
74.00 5.4680601411 4.82 1.00 20.10 962.00 22.00
83.00 6.3543700408 4.328 1.00 12.10 . .
100.00 6.3508857167 . 1.00 18.40 1144.00 27.00
96.00 4.6443908991 . 1.00 7.80 970.00 .
95.00 5.6767538023 6.235 1.00 10.60 . .
74.00 5.1298987149 . 1.00 11.20 . .
69.00 4.6347289882 . 1.00 11.20 850.00 .
63.00 7.3932630948 2.906 0.00 20.60 941.00 .
80.00 5.6970934865 4.46 1.00 12.70 1067.00 .
87.00 5.9427993751 5.16 1.00 15.60 959.00 .
92.00 6.3491389914 5.74 1.00 10.50 . .
84.00 6.4329400927 5.61 1.00 15.10 1050.00 .
85.00 5.7683209958 . 1.00 12.30 988.00 .
91.00 6.9957661563 5.58 1.00 12.50 . .
45.00 5.7868973814 3.4 0.00 12.60 774.00 .
72.00 5.8944028343 4.3 1.00 14.00 944.00 21.00
66.00 5.7776523232 4.5 1.00 11.80 919.00 .
78.00 5.9839362807 . 1.00 16.70 . .
89.00 6.4085287911 5.08 1.00 14.10 1046.00 24.00
74.00 5.7137328055 4.73 1.00 15.20 . .
68.00 5.1119877884 . 1.00 10.90 . .
83.00 6.1355648911 4.565 1.00 12.80 1071.00 24.00
63.00 6.2186001197 . 1.00 12.60 1012.00 20.00
75.00 6.9324478916 2.948 0.00 18.00 989.00 .
58.00 6.935370446 . 0.00 16.30 806.00 .
. 5.6594822158 3.34 0.00 13.00 . .
54.00 6.7068623366 3.256 0.00 19.40 896.00 .
54.00 7.2071188562 3.65 0.00 19.00 . .
57.00 7.0352685993 2.97 0.00 19.40 957.00 .
63.00 6.4785096422 . 0.00 16.10 970.00 .
55.00 6.4068799861 3.364 0.00 15.90 . .
71.00 6.8669332845 3.83 0.00 16.80 1014.00 .
72.00 7.0175061429 3.504 0.00 18.80 997.00 .
56.00 7.1236727852 3.256 0.00 16.90 . .
52.00 7.2240248083 . 0.00 15.30 945.00 .
57.00 5.669880923 . 1.00 7.50 895.00 .
68.00 6.1484682959 5.062 1.00 12.90 930.00 .
66.00 5.3327187933 . 1.00 14.50 842.00 21.00
58.00 5.958424693 4.326 1.00 18.50 853.00 20.00
71.00 5.2832037287 4.18 1.00 11.20 . .
69.00 5.6489742382 . 1.00 19.30 . .
83.00 6.6541525202 . 1.00 17.40 1041.00 .
88.00 5.6276211137 3.936 1.00 12.30 . .
90.00 6.1420374056 4.71 1.00 13.90 . .
95.00 6.023447593 6.584 1.00 8.80 1302.00 .
45.00 7.7828072628 5.282 0.00 11.20 963.00 .
60.00 5.5333894887 4.958 1.00 11.60 862.00 20.00
93.00 7.8095413247 7.27 1.00 6.30 1274.00 29.00
66.00 7.8252452914 4.56 0.00 7.80 1017.00 .
92.00 6.8134445995 5.986 1.00 14.10 1070.00 .
79.00 5.730099783 . 1.00 11.60 1079.00 .
96.00 7.2977682825 6.507 1.00 13.40 1127.00 .
86.00 5.811140993 4.005 1.00 12.10 . .
63.00 5.7807435158 3.62 1.00 16.20 . .
80.00 5.9322451874 3.615 1.00 12.50 1000.00 24.00
67.00 6.0730445341 5.13 1.00 13.30 . .
67.00 3.8286413965 . 1.00 8.30 930.00 .
99.00 6.5381398238 3.56 1.00 18.10 986.00 .
74.00 5.669880923 4.785 1.00 13.30 985.00 .
52.00 5.2203558251 4.782 1.00 14.20 788.00 .
. 4.2341065046 . 1.00 11.00 865.00 .
63.00 8.14612951 4.06 0.00 18.10 1083.00 .
63.00 7.0800264999 2.924 0.00 19.20 860.00 .
97.00 7.2875606403 5.926 1.00 7.60 1300.00 28.00
82.00 6.4488893941 6.41 1.00 19.00 983.00 .
96.00 6.8803840822 6.2 1.00 18.40 1022.00 25.00
47.00 6.9373140812 5.137 0.00 15.70 . .
96.00 5.9375362051 6.672 1.00 10.00 1059.00 .
71.00 5.8916442118 . 1.00 9.60 875.00 .
63.00 7.5847730776 5.558 0.00 16.60 964.00 .
61.00 6.5206211276 6.05 1.00 16.40 861.00 .
39.00 5.9839362807 . 1.00 19.20 947.00 .
48.00 5.8318824773 . 1.00 14.60 . .
58.00 4.4773368145 3.08 1.00 15.20 813.00 18.00
84.00 6.4150969592 2.439 0.00 17.10 . .
21.00 6.2126060958 2.46 1.00 16.90 . .
73.00 7.74109909 3.61 0.00 18.00 1052.00 .
75.00 5.6869753563 4.516 1.00 12.10 900.00 .
51.00 7.1428274012 3.46 0.00 17.20 1019.00 22.00
76.00 5.4889377262 . 1.00 14.70 893.00 .
75.00 5.0039463059 . 1.00 10.20 . .
67.00 5.1179938124 3.84 1.00 13.50 1014.00 .
82.00 6.5294188383 4.048 1.00 13.50 1112.00 .
51.00 6.2344107257 2.987 0.00 17.00 861.00 18.00
. 5.910796644 . 1.00 11.20 . .
60.00 5.7990926545 . 1.00 18.60 . .
83.00 5.0369526024 2.6 1.00 11.40 884.00 20.00
85.00 5.7104270174 3.635 1.00 13.40 1100.00 26.00
. 6.8522425691 2.736 0.00 18.30 703.00 17.00
63.00 7.7527648089 . 0.00 16.90 985.00 22.00
48.00 5.9322451874 . 0.00 14.80 905.00 21.00
51.00 6.595780514 4.09 0.00 17.00 . .
58.00 5.2364419628 . 1.00 22.90 670.00 16.00
59.00 6.6450909695 3.392 0.00 12.80 986.00 18.00
75.00 5.6094717952 . 1.00 15.30 1081.00 24.00
38.00 5.9427993751 . 0.00 15.90 870.00 19.00
43.00 6.7080840839 3.138 0.00 19.10 837.00 .
69.00 5.723585102 3.244 1.00 10.40 . .
51.00 6.3767269479 . 0.00 29.20 . .
75.00 4.9052747784 . 1.00 11.40 . 20.00
35.00 5.4337220036 2.604 0.00 19.40 . 20.00
21.00 4.8202815656 3.09 1.00 12.90 . .
44.00 4.836281907 . 1.00 11.70 . 20.00
54.00 7.6275443905 2.202 0.00 20.20 . 20.00
48.00 5.3518581335 3.064 1.00 14.80 . 22.00
. 6.7638849086 2.9 0.00 15.50 . 24.00
67.00 7.4389715924 2.19 0.00 15.00 . 23.00
. 7.145196135 2.62 0.00 14.60 . 22.00
36.00 7.0724219005 2.93 0.00 18.20 . 21.00
49.00 6.1758672701 3.664 1.00 11.10 1012.00 24.00
35.00 4.6443908991 . 1.00 11.70 . .
67.00 6.1398845522 3.15 1.00 13.60 . 23.00
63.00 5.4116460519 3.26 1.00 11.10 1010.00 24.00
37.00 5.2933048247 2.95 1.00 11.30 . .
73.00 6.4150969592 3.34 1.00 16.20 980.00 23.00
42.00 7.1724245771 3.4 0.00 14.00 850.00 21.00
43.00 5.4205349993 3.69 1.00 12.50 881.00 21.00
62.00 5.7493929859 3.34 1.00 16.10 943.00 22.00
65.00 4.9558270576 3.35 1.00 10.70 . .
. 5.680172609 3.15 1.00 11.10 . .
60.00 5.4116460519 3.43 1.00 16.10 . 22.00
52.00 6.1158921255 3.32 1.00 18.50 916.00 21.00
. 5.1761497326 1.7 1.00 16.20 . .
53.00 5.8944028343 2.89 1.00 14.60 . 23.00
51.00 5.170483995 4.208 1.00 11.10 953.00 23.00
33.00 7.4330753489 . 0.00 16.90 . 22.00
39.00 7.6648157853 2.558 0.00 19.20 942.00 20.00
64.00 5.2417470151 3.3 1.00 12.00 . 23.00
59.00 5.8550719222 3.496 1.00 14.10 . .
77.00 5.96870756 4.768 1.00 10.80 . .
41.00 6.5806391373 2.29 0.00 18.60 . .
54.00 7.365180126 3.63 0.00 16.90 . .
36.00 4.5951198501 3.64 1.00 8.90 810.00 19.00
49.00 4.9767337424 3.27 1.00 14.00 . .
52.00 4.9767337424 . 1.00 21.90 790.00 19.00
. 6.0063531596 2.53 1.00 13.50 . 24.00
39.00 6.8987145343 3.304 0.00 16.80 . 22.00
53.00 8.0106915391 3.262 0.00 16.50 993.00 23.00
48.00 7.0237589547 2.89 0.00 19.60 . 22.00
82.00 5.7868973814 4.08 1.00 10.30 1158.00 27.00
83.00 7.3125534981 6.525 1.00 5.80 1199.00 28.00
62.00 4.6821312271 3.95 1.00 12.60 . .
60.00 6.5806391373 . 1.00 18.10 . 22.00
34.00 6.9236286281 3.592 0.00 23.10 950.00 22.00
71.00 5.6869753563 . 1.00 13.00 1052.00 24.00
42.00 4.6634390941 . 1.00 12.10 871.00 20.00
87.00 5.0434251169 3.27 1.00 14.40 932.00 22.00
38.00 5.579729826 2.78 1.00 15.70 . 21.00
35.00 6.5778613577 . 0.00 21.80 878.00 21.00
38.00 5.8579331545 2.98 1.00 13.70 980.00 22.00
37.00 5.7745515455 2.992 1.00 12.70 863.00 20.00
56.00 5.3706380281 . 1.00 14.00 930.00 22.00
. 4.7361984484 3.624 1.00 11.00 786.00 16.00
95.00 5.9558373695 4.689 1.00 11.40 921.00 21.00
26.00 6.949856455 3.04 0.00 18.40 872.00 20.00
56.00 5.3181199938 . 1.00 20.80 1043.00 24.00
39.00 5.6167710977 . 1.00 11.90 . 21.00
. 5.5568280617 3.136 1.00 16.40 . .
32.00 5.2311086169 . 1.00 11.00 908.00 21.00
36.00 6.6214056518 3.436 0.00 21.60 . .
35.00 7.6251071482 3.579 0.00 22.60 993.00 23.00
37.00 5.6869753563 3.644 1.00 14.90 841.00 .
16.00 7.4955419439 . 0.00 22.90 . .
91.00 6.4504704221 5.725 1.00 8.60 . .
43.00 7.363279587 2.99 0.00 27.20 . 21.00
52.00 4.8751973232 5.9 1.00 11.80 890.00 22.00
72.00 7.0613343669 5.078 1.00 13.50 . .
39.00 7.7919359569 . 0.00 21.20 907.00 21.00
36.00 5.1474944768 3.736 1.00 13.00 814.00 21.00
67.00 5.8636311756 4.675 1.00 11.30 1103.00 25.00
46.00 5.926926026 . 1.00 15.70 921.00 22.00
72.00 6.0258659738 . 1.00 16.20 970.00 22.00
50.00 7.7284157798 . 0.00 21.40 939.00 21.00
28.00 5.7203117766 2.98 0.00 18.80 744.00 17.00
35.00 6.9669671386 3.5 0.00 19.40 709.00 17.00
41.00 6.8276292345 2.784 0.00 21.90 832.00 20.00
64.00 7.0859014644 3.32 1.00 14.80 . .
25.00 5.3278761688 3.06 1.00 12.10 657.00 11.00
26.00 5.2417470151 2.43 1.00 18.40 620.00 16.00
42.00 6.9612960459 . 0.00 19.70 . 18.00
50.00 5.3706380281 3.41 1.00 13.80 934.00 22.00
10.00 7.8648040033 3.36 0.00 18.20 810.00 19.00
41.00 7.9919305199 . 0.00 24.70 982.00 23.00
43.00 5.6312117818 . 1.00 14.50 841.00 20.00
35.00 6.1612073217 2.942 0.00 14.30 . .
93.00 6.3985949345 5.15 1.00 9.60 1210.00 .
63.00 5.5053315359 6.23 1.00 13.40 1143.00 26.00
32.00 7.6732231211 . 0.00 14.60 984.00 22.00
62.00 5.2203558251 3.67 1.00 12.60 1060.00 26.00
29.00 7.2779385729 2.78 0.00 21.00 940.00 21.00
65.00 8.5809188823 3.309 0.00 19.70 1126.00 25.00
. 7.7195739893 . 0.00 23.10 . 19.00
91.00 5.2781146592 2.791 1.00 13.60 910.00 20.00
34.00 6.930494766 2.706 0.00 21.90 890.00 21.00
72.00 7.7693786095 3.92 1.00 18.50 . .
. 6.0161571597 . 0.00 20.80 1188.00 27.00
. 4.0775374439 . 0.00 15.50 839.00 19.00
50.00 7.4301141386 . 0.00 25.30 907.00 21.00
43.00 5.4930614433 3.122 0.00 17.40 . .
69.00 8.7628024874 3.412 0.00 23.10 1069.00 25.00
8.00 7.0103118673 . 0.00 20.60 . .
. 5.4071717715 2.9 1.00 17.20 1009.00 .
33.00 8.4370671469 3.58 1.00 20.50 . .
37.00 7.7832240163 3.975 0.00 12.80 1027.00 24.00
. 7.7939990895 3.315 0.00 18.70 1000.00 22.00
59.00 6.7522703761 . 0.00 20.50 . .
38.00 7.4673710669 2.595 0.00 23.90 . 21.00
50.00 5.3612921657 4.05 1.00 10.50 . .
48.00 5.1474944768 . 1.00 22.40 893.00 .
53.00 5.1984970313 4.35 1.00 17.80 819.00 20.00
82.00 5.6767538023 4.725 1.00 13.20 . .
93.00 7.104144093 4.298 0.00 12.10 1240.00 .
48.00 6.0591231956 . 0.00 21.20 870.00 .
82.00 5.4249500175 3.8 1.00 11.40 . .
82.00 5.4205349993 4.408 1.00 13.90 930.00 23.00
22.00 5.81711116 . 1.00 12.50 819.00 .
69.00 5.7268477476 4.773 1.00 13.30 1081.00 .
70.00 7.2675254278 3.518 1.00 14.00 917.00 .
72.00 5.3706380281 5.515 1.00 11.10 1007.00 23.00
62.00 6.5847913924 . 0.00 18.40 952.00 23.00
70.00 5.9026333334 5.4 1.00 12.40 . .
98.00 7.6410842492 . 0.00 17.90 1107.00 .
90.00 5.2933048247 . 1.00 6.80 929.00 .
55.00 5.365976015 . 1.00 10.60 907.00 .
45.00 7.1316985105 . 0.00 15.10 934.00 .
62.00 7.4627891574 . 0.00 19.60 950.00 22.00
74.00 5.723585102 3.735 1.00 10.70 1016.00 .
68.00 5.1298987149 . 1.00 9.20 1019.00 25.00
45.00 7.3569182424 4.182 0.00 8.70 937.00 .
72.00 6.0799331951 . 1.00 13.00 1019.00 .
59.00 5.3844950628 . 1.00 9.20 915.00 20.00
45.00 5.4930614433 . 1.00 14.00 . .
61.00 4.9836066217 . 1.00 6.50 1010.00 24.00
100.00 6.6280413762 3.285 1.00 11.70 . .
84.00 6.6280413762 4.942 0.00 17.60 . .
46.00 5.5214609179 3.689 0.00 18.10 855.00 .
46.00 7.4541410781 4.84 0.00 19.30 . .
48.00 4.9272536852 . 1.00 12.30 837.00 19.00
68.00 5.8550719222 . 0.00 11.10 1025.00 22.00
73.00 8.3610071082 . 0.00 13.80 . .
31.00 6.5567783562 4.845 0.00 16.00 . .
. 7.2137683081 3.6 0.00 15.80 . .
30.00 6.1158921255 . 1.00 13.70 660.00 .
68.00 5.6594822158 5.1 1.00 15.70 . .
90.00 6.0520891689 4.619 1.00 9.60 . .
95.00 7.8928255263 3.792 0.00 9.50 . .
. 6.6450909695 . 1.00 17.90 . .
58.00 3.9318256327 . 1.00 9.30 1136.00 23.00
55.00 4.7361984484 4.1 1.00 10.10 1116.00 .
79.00 5.8944028343 4.69 0.00 14.70 875.00 21.00
76.00 4.0073331852 . 1.00 9.50 790.00 .
100.00 3.8918202981 . 1.00 14.50 1000.00 .
76.00 5.2882670307 . 1.00 14.00 880.00 .
36.00 5.6312117818 4.69 0.00 14.40 848.00 .
51.00 5.4071717715 4.64 0.00 12.60 . .
61.00 4.1431347264 . 1.00 7.50 1070.00 .
97.00 6.1114673395 . 1.00 10.50 . .
63.00 6.4393503711 . 1.00 13.10 . 20.00
57.00 4.6821312271 4.514 1.00 13.40 . .
84.00 6.1377270541 5.86 1.00 14.50 1003.00 .
78.00 4.5108595065 5.208 1.00 10.40 830.00 .
79.00 7.4587626924 4.928 0.00 9.90 1041.00 .
51.00 6.9147308927 . 0.00 18.10 . .
47.00 6.6424868014 3.914 0.00 17.00 750.00 17.00
100.00 3.0445224377 . 1.00 9.50 . .
69.00 6.2653012127 . 1.00 14.70 1031.00 25.00
83.00 6.2225762681 4.488 1.00 11.00 1005.00 23.00
66.00 6.0185932145 . 1.00 16.80 953.00 .
89.00 6.2025355172 4.375 1.00 12.20 989.00 24.00
40.00 4.1431347264 . 1.00 14.50 940.00 19.00
63.00 6.5337888379 . 1.00 15.00 1101.00 26.00
65.00 8.1146238864 . 0.00 9.00 . .
. 5.730099783 3.417 1.00 11.50 . 22.00
56.00 7.7997533183 . 0.00 16.90 . .
61.00 7.3453648404 . 0.00 22.70 1000.00 24.00
72.00 5.8833223885 4.9 1.00 10.50 1150.00 27.00
80.00 5.9188938543 . 1.00 16.90 1034.00 24.00
68.00 6.0822189104 . 0.00 18.10 1042.00 .
55.00 5.0562458053 . 1.00 11.10 . 20.00
69.00 5.6489742382 3.616 1.00 11.10 1124.00 26.00
79.00 5.8636311756 3.88 1.00 17.80 . 22.00
62.00 6.0730445341 . 1.00 15.90 980.00 22.00
57.00 5.7776523232 . 1.00 20.50 . 22.00
57.00 5.4424177105 . 1.00 17.20 . 20.00
77.00 5.7807435158 3.891 1.00 10.10 . .
59.00 5.8200829304 . 1.00 8.40 . 20.00
77.00 7.4295208428 . 1.00 13.50 1053.00 25.00
67.00 6.2065759267 3.255 1.00 16.70 . 25.00
78.00 4.7957905456 . 1.00 10.70 1030.00 20.00
52.00 5.2983173665 3.75 1.00 15.90 965.00 21.00
64.00 5.3518581335 4.1 1.00 9.40 1070.00 24.00
88.00 6.3421214187 4.45 1.00 15.10 1167.00 24.00
72.00 8.4405281065 4.29 0.00 11.50 . .
38.00 7.5652752819 2.964 0.00 15.90 . 22.00
46.00 6.6320017774 2.8 0.00 22.20 . 22.00
73.00 5.6021188209 3.405 1.00 10.70 . 22.00
65.00 6.9373140812 2.592 0.00 21.00 . 21.00
61.00 7.5791679674 2.705 0.00 19.30 985.00 23.00
54.00 7.4407337074 . 0.00 21.30 . .
59.00 6.8211074723 2.515 0.00 20.60 . 22.00
46.00 . 2.5 0.00 18.10 . .
67.00 7.2262090101 2.958 0.00 19.20 . 22.00
36.00 5.8348107371 2.78 0.00 15.20 . 21.00
67.00 7.2943772993 . 0.00 23.10 . 21.00
28.00 6.64898455 . 0.00 18.40 . 20.00
56.00 7.3231707179 2.394 0.00 19.20 . 22.00
50.00 4.3174881135 3.7 1.00 8.50 . 23.00
52.00 5.1474944768 3.38 1.00 11.50 837.00 20.00
59.00 5.3471075307 . 1.00 13.00 927.00 23.00
42.00 6.2499752423 . 0.00 16.30 780.00 19.00
49.00 5.9480349892 3.236 1.00 19.20 . 20.00
94.00 5.2094861528 4.45 1.00 12.80 836.00 19.00
50.00 7.4955419439 3.04 0.00 19.60 . 19.00
65.00 6.3153580015 3.264 0.00 17.30 . 19.00
50.00 7.6043963488 4.01 1.00 16.60 915.00 23.00
57.00 5.3181199938 . 1.00 2.50 948.00 21.00
98.00 4.7874917428 3.952 1.00 13.00 . 22.00
46.00 6.3225652399 3.89 1.00 16.50 903.00 24.00
60.00 6.1696107325 . 0.00 16.30 . 19.00
56.00 6.5147126909 3.752 0.00 15.30 . 20.00
. 6.8638033915 3.2 0.00 19.20 . 18.00
57.00 7.9658927351 4.31 0.00 13.40 946.00 22.00
67.00 6.1800166537 3.775 1.00 16.40 928.00 23.00
72.00 5.3612921657 4.545 1.00 14.10 912.00 22.00
45.00 6.9782137426 3.422 0.00 15.10 . 23.00
