1.203 21.277 2.198 .640 .670 .623 .647 .627 .668 .670 .736 .624
1           
.495 1          
.398 .292 1         
.218 .282 .184 1        
.299 .166 .383 .386 1       
.272 .161 .321 .396 .553 1      
.269 .169 .191 .382 .456 .534 1     
.330 .231 .277 .431 .537 .608 .590 1    
-.133 -.116 -.182 -.095 -.195 -.148 -.162 -.158 1   
-.235 -.175 -.203 -.159 -.231 -.155 -.235 -.192 .401 1  
-.248 -.225 -.140 -.152 -.137 -.137 -.194 -.172 .385 .508 1 
-.277 -.171 -.239 -.138 -.290 -.154 -.189 -.170 .439 .504 .481 1
1.106 16.224 2.097 .747 .814 .786 .859 .784 .642 .729 .778 .726
1           
.404 1          
.268 .220 1         
.216 .277 .268 1        
.233 .183 .424 .550 1       
.211 .270 .325 .574 .647 1      
.207 .157 .282 .482 .517 .647 1     
.202 .142 .238 .482 .472 .622 .632 1    
-.143 -.185 -.133 -.213 -.095 -.139 -.182 -.142 1   
-.283 -.105 -.159 -.123 -.188 -.196 -.259 -.117 .351 1  
-.233 -.137 -.113 -.133 -.160 -.154 -.186 -.173 .316 .372 1 
-.270 -.137 -.169 -.166 -.211 -.231 -.260 -.191 .327 .423 .523 1

