0 8 3.2222222222 5.625 1 15 1
0 8 3.1666666667 5.375 0 15 2
0 8 3.2777777778 3.75 1 15 3
1 8 2.5555555556 9.25 0 18 1
0 8 3.4444444444 4.375 0 18 2
0 8 3.3333333333 2.375 0 18 3
1 7 2.7222222222 7.75 1 19 1
1 7 2.7777777778 7.75 1 19 2
0 7 2.7777777778 7.5 1 19 3
0 8 3.3888888889 7.75 0 23 1
1 8 3.2777777778 7.25 1 23 2
0 8 3.3333333333 6.25 0 23 3
0 9 3.1666666667 6.875 0 24 1
0 9 3.8888888889 6.875 0 24 2
0 9 3.9444444444 4.375 0 24 3
1 8 3.2777777778 6.125 1 29 1
0 8 3.3333333333 5.875 0 29 2
0 8 3.9444444444 2.125 1 29 3
0 9 3.3333333333 5.5 0 30 1
0 9 3.6666666667 4.375 0 30 2
0 9 3.3888888889 3.75 0 30 3
0 8 2.8888888889 6 1 31 1
1 8 3.1111111111 7.125 2 31 2
0 8 3.2222222222 5.875 1 31 3
0 8 3.3333333333 5.5 1 32 1
0 8 3.6111111111 4.25 0 32 2
0 8 3.9444444444 3.375 0 32 3
0 9 3.6666666667 4.5 0 33 1
0 9 3.6111111111 2.875 1 33 2
0 9 3.9444444444 2.875 0 33 3
0 9 3.0555555556 6.5 1 34 1
0 9 3.5 4.625 3 34 2
0 9 2.6111111111 5.25 0 34 3
0 7 3.8888888889 3.625 1 41 1
0 7 4 1.625 0 41 2
0 7 4 1 0 41 3
0 8 3.7222222222 3.875 1 43 1
0 8 3.8333333333 2.5 0 43 2
0 8 3.6666666667 1.75 0 43 3
0 9 3.2222222222 7.75 0 44 1
0 9 3.4444444444 7.5 0 44 2
1 9 3.2777777778 5.875 0 44 3
0 9 3.4444444444 6.125 0 45 1
0 9 3.0555555556 5.75 0 45 2
0 9 3.3888888889 5.5 0 45 3
1 6 2.4444444444 7.25 1 47 1
0 6 2.2777777778 6.375 0 47 2
0 6 3.0555555556 4.25 3 47 3
0 6 3.7222222222 4.875 0 48 1
0 6 3.7777777778 5.5 2 48 2
1 6 3.3333333333 6.625 1 48 3
0 7 3.2777777778 4 0 49 1
0 7 3.7222222222 3.375 0 49 2
0 7 3.9444444444 1.25 0 49 3
1 6 2.8888888889 5.25 0 50 1
0 6 3.5555555556 4 0 50 2
0 6 3.2222222222 2.25 0 50 3
1 6 2.7222222222 5.375 0 51 1
0 6 2.5 2.75 2 51 2
1 6 2.8888888889 3.125 1 51 3
0 3 3.5555555556 4.5 0 52 1
0 3 3.7777777778 4.375 2 52 2
0 3 3.6666666667 3.5 1 52 3
0 8 3.1666666667 7.625 3 53 1
0 8 2.9444444444 8.875 0 53 2
0 8 3.0555555556 7.75 1 53 3
0 7 3.4444444444 8 1 55 1
1 7 3.6666666667 6.125 0 55 2
0 7 3.2777777778 7.25 1 55 3
0 8 3.2777777778 6.25 1 56 1
0 8 3.3888888889 7.5 0 56 2
0 8 3.8888888889 2.125 1 56 3
1 4 2.9444444444 8.625 2 57 1
0 4 3.8888888889 7.625 1 57 2
0 4 3.8888888889 1.25 0 57 3
1 1 3.6666666667 8.25 3 58 1
1 1 3.6666666667 4.5 2 58 2
0 1 4 2.375 1 58 3
0 8 3.2777777778 3.625 1 59 1
0 8 3.4444444444 6.125 1 59 2
0 8 3.5555555556 7.375 0 59 3
1 7 3.6666666667 5.875 2 61 1
0 7 3.3333333333 1.75 1 61 2
1 7 3.2222222222 1.75 0 61 3
0 9 3.6666666667 7.25 1 62 1
0 9 3.6666666667 7.5 3 62 2
0 9 3.6111111111 5.875 2 62 3
0 8 3.2222222222 6.75 0 64 1
0 8 2.8333333333 6.375 0 64 2
0 8 2.8888888889 6.625 2 64 3
1 7 3.2222222222 8.125 2 66 1
1 7 3.4444444444 7.75 2 66 2
1 7 3.3333333333 7.375 1 66 3
1 7 3.0555555556 7 0 67 1
0 7 3.1666666667 7 1 67 2
0 7 3.5555555556 5.375 0 67 3
1 3 2.9444444444 7.125 1 69 1
0 3 3.0555555556 6.5 0 69 2
0 3 3.2777777778 5.25 0 69 3
1 5 2.9444444444 7.375 0 71 1
0 5 3.2222222222 6.625 0 71 2
0 5 3.2222222222 2.875 0 71 3
0 8 2.8333333333 8.5 0 73 1
1 8 3 8.625 3 73 2
1 8 3.5555555556 7 2 73 3
0 8 3.5 6.875 0 74 1
0 8 3.7222222222 1.875 1 74 2
0 8 3.8888888889 1 1 74 3
0 8 3.5555555556 7.125 1 75 1
0 8 3.7222222222 7.125 1 75 2
0 8 2.6111111111 9 2 75 3
0 1 2.8333333333 8.375 0 76 1
0 1 3.4444444444 6.625 0 76 2
0 1 3.7777777778 6.5 0 76 3
0 8 3.4444444444 7.125 1 78 1
0 8 3.5 4.5 0 78 2
1 8 3.5555555556 3.5 2 78 3
0 7 3.6111111111 5.125 0 79 1
0 7 3.7222222222 3.5 0 79 2
0 7 3.8888888889 1.375 1 79 3
1 7 2.8888888889 7.5 1 80 1
1 7 3 4.75 3 80 2
1 7 3.2222222222 6 1 80 3
1 8 2.6111111111 4.375 0 81 1
0 8 4 2.5 1 81 2
0 8 3.9444444444 4.5 0 81 3
1 7 2 8.875 0 82 1
0 7 3.1111111111 7.75 1 82 2
0 7 2.8333333333 7.25 0 82 3
0 7 3.3333333333 5.625 1 84 1
0 7 4 1.5 1 84 2
0 7 4 1.625 0 84 3
1 7 3.7777777778 6.625 1 87 1
0 7 3.3333333333 1.625 0 87 2
1 7 4 4.625 1 87 3
1 7 3.2222222222 6.25 2 89 1
0 7 3.2222222222 8.375 1 89 2
1 7 3.6111111111 6.625 3 89 3
0 6 3.6111111111 4.875 2 90 1
0 6 3.2777777778 1.875 1 90 2
0 6 3.8333333333 1.5 0 90 3
0 8 3.8888888889 2 0 92 1
0 8 4 1.625 0 92 2
0 8 4 1 0 92 3
0 8 3.0555555556 7.25 0 94 1
0 8 2.9444444444 6.125 1 94 2
0 8 3.6111111111 3.75 0 94 3
0 6 3.8333333333 1.5 0 95 1
1 6 3.9444444444 3.75 0 95 2
0 6 3.6666666667 1 0 95 3
0 7 3.8888888889 4.75 0 99 1
0 7 3.8333333333 3.25 0 99 2
0 7 3.7777777778 1 0 99 3
1 5 3 8.5 3 100 1
1 5 2.9444444444 4.375 1 100 2
0 5 3.3888888889 5.25 3 100 3
0 9 3.2222222222 7.125 0 102 1
0 9 3.5 1.75 0 102 2
0 9 2.7777777778 3.25 0 102 3
0 9 2.9444444444 6.75 0 103 1
0 9 2.7777777778 6.125 0 103 2
0 9 3.1111111111 5.625 0 103 3
0 7 3.8333333333 4.625 0 104 1
0 7 3.4444444444 2.375 0 104 2
0 7 3.7777777778 1 0 104 3
0 7 3.5555555556 7.25 2 105 1
1 7 3.1111111111 7.5 0 105 2
0 7 3.6666666667 7.25 0 105 3
1 2 3.0555555556 6.25 1 106 1
1 2 2.8333333333 4.5 0 106 2
1 2 2.8888888889 5.875 0 106 3
1 7 2.8333333333 5.25 0 108 1
0 7 3.5 3.875 1 108 2
0 7 3.7222222222 3.25 1 108 3
0 8 3.5555555556 3.75 3 112 1
0 8 3.3333333333 4 2 112 2
0 8 3.3333333333 1.875 2 112 3
1 3 2.8333333333 7.25 0 115 1
0 3 3 4.375 0 115 2
0 3 3.0555555556 6.125 1 115 3
1 9 3.6666666667 2.375 2 118 1
0 9 3.7777777778 1.75 0 118 2
0 9 3.8888888889 1.5 0 118 3
1 6 2.5555555556 6.625 1 120 1
1 6 2.8333333333 5 1 120 2
0 6 3 4.5 1 120 3
0 5 3.3333333333 5.25 1 122 1
1 5 3.9444444444 2.25 1 122 2
0 5 3.7777777778 1.625 0 122 3
1 6 3.6111111111 7.625 1 123 1
1 6 3.8333333333 6.5 0 123 2
0 6 3.7222222222 2.125 2 123 3
1 5 3 8.625 0 124 1
1 5 3.2777777778 8.5 2 124 2
0 5 2.7777777778 5.75 2 124 3
0 9 3.2777777778 5.625 0 126 1
1 9 3.1666666667 5.75 0 126 2
1 9 3.6111111111 2.875 1 126 3
1 4 2.9444444444 7.75 3 127 1
1 4 3.1666666667 7.75 4 127 2
1 4 3.4444444444 7.75 4 127 3
0 9 3.0555555556 6.25 1 129 1
0 9 3.0555555556 5.5 0 129 2
0 9 3.4444444444 5.125 0 129 3
0 9 3.6666666667 6.875 1 130 1
1 9 3.4444444444 5.25 1 130 2
0 9 3.1111111111 4.25 0 130 3
0 9 3.0555555556 4.875 0 133 1
0 9 3.7777777778 3.5 1 133 2
0 9 2.8888888889 2.25 2 133 3
1 8 2.8333333333 7.625 0 138 1
1 8 3.1111111111 6.125 2 138 2
1 8 3.2222222222 4.25 0 138 3
0 3 3.5 6.75 1 139 1
0 3 3.6111111111 6 0 139 2
0 3 3.8888888889 5.375 0 139 3
1 2 2.4444444444 5.5 0 141 1
1 2 2.9444444444 6.375 0 141 2
0 2 2.3333333333 6.375 1 141 3
0 9 3.3888888889 2.625 1 142 1
0 9 3.7222222222 2.5 0 142 2
0 9 3.6666666667 2.5 0 142 3
0 5 3.6666666667 6.75 2 143 1
0 5 3.5555555556 4.75 0 143 2
0 5 3.9444444444 1.5 0 143 3
0 9 3.5 7.625 1 145 1
1 9 3.3333333333 7.375 0 145 2
0 9 2.9444444444 6.375 0 145 3
0 8 3.8888888889 4.75 1 146 1
0 8 4 2.875 0 146 2
0 8 3.9444444444 3.75 0 146 3
0 9 3.8888888889 5.5 0 148 1
0 9 3.7777777778 2.75 0 148 2
0 9 3.5 2.875 1 148 3
0 8 3.6666666667 6 0 149 1
0 8 3.2222222222 3 0 149 2
0 8 3.3333333333 1.125 0 149 3
1 1 2.4444444444 7.25 0 150 1
0 1 3.3888888889 7 2 150 2
0 1 3.3888888889 4.25 1 150 3
0 9 3.6111111111 5 0 151 1
0 9 3.7777777778 3 0 151 2
0 9 3.9444444444 5.375 0 151 3
1 2 2.8333333333 6.375 0 155 1
1 2 2.8888888889 7 0 155 2
1 2 3 6.375 0 155 3
1 6 3.1111111111 4.25 0 156 1
1 6 2.8888888889 3.75 1 156 2
0 6 3.6111111111 2.25 0 156 3
1 8 2.6111111111 6.625 0 157 1
0 8 3.1666666667 7.5 1 157 2
0 8 3.0555555556 5.5 0 157 3
1 7 3.6111111111 4.875 0 160 1
0 7 3.6666666667 2.75 1 160 2
0 7 3.2222222222 2.875 1 160 3
0 7 3.4444444444 6.125 0 161 1
1 7 3.4444444444 5.5 1 161 2
1 7 3.3888888889 5.375 2 161 3
1 4 2.4444444444 6.125 0 162 1
0 4 2.8333333333 4.5 0 162 2
0 4 3.3888888889 2.5 1 162 3
0 9 2.7777777778 5.5 0 163 1
0 9 3.7777777778 4.375 1 163 2
0 9 2.5555555556 1.375 0 163 3
0 8 3.6111111111 5.25 0 164 1
0 8 3.2222222222 5 0 164 2
0 8 3.6111111111 2.875 0 164 3
0 8 3.8333333333 3.25 1 165 1
0 8 4 1.125 2 165 2
0 8 3.6666666667 1.75 1 165 3
0 9 3.5 7.75 0 166 1
0 9 3.5555555556 5 1 166 2
0 9 3.7777777778 7.5 1 166 3
1 8 2.7777777778 7.75 0 168 1
0 8 2.8333333333 6.75 2 168 2
1 8 2.1666666667 6.875 1 168 3
0 3 2.6111111111 6.875 3 174 1
1 3 3.2222222222 5.875 1 174 2
0 3 3.2777777778 5.75 1 174 3
0 8 3.5 6.375 3 175 1
0 8 3.6666666667 1.125 0 175 2
0 8 3.7222222222 1.75 0 175 3
0 8 3.8333333333 7.75 0 177 1
0 8 2.9444444444 7.125 2 177 2
1 8 2.5555555556 7.125 2 177 3
1 5 2.4444444444 6.5 2 178 1
0 5 3.1666666667 4.75 0 178 2
0 5 3.1111111111 2.875 1 178 3
1 8 3.5 8.125 0 180 1
0 8 3.8888888889 6.5 1 180 2
0 8 3.7777777778 5.875 2 180 3
0 9 3.3333333333 4.875 0 182 1
0 9 3.3333333333 4.5 1 182 2
0 9 3.8333333333 2.5 1 182 3
1 4 3.2222222222 6.125 2 184 1
0 4 3.8888888889 7.75 0 184 2
0 4 4 5.25 0 184 3
1 6 3.3888888889 6.125 1 185 1
0 6 3.3333333333 7.75 1 185 2
1 6 3.9444444444 5.375 1 185 3
1 8 3.1111111111 7.25 0 186 1
1 8 3.6666666667 6.75 3 186 2
1 8 3.6111111111 7.625 0 186 3
1 7 3.2222222222 7.75 0 188 1
0 7 3.0555555556 6.5 0 188 2
1 7 3 7.625 0 188 3
1 2 2.7777777778 5.5 2 190 1
0 2 2.8888888889 5.625 1 190 2
0 2 3.6666666667 3 0 190 3
1 8 3.5 5.25 1 192 1
0 8 3.6666666667 6.125 2 192 2
0 8 3.9444444444 4.625 0 192 3
0 9 3.7222222222 7 0 193 1
0 9 3.7777777778 3.25 1 193 2
0 9 3.6666666667 5 0 193 3
0 7 3.6666666667 3.75 0 196 1
0 7 3.7777777778 3.25 0 196 2
0 7 3.8333333333 2.625 3 196 3
0 8 3.8888888889 6 0 199 1
0 8 3.8333333333 2 1 199 2
0 8 3.9444444444 1.75 0 199 3
1 7 3.7777777778 7.75 0 200 1
0 7 3.9444444444 7.25 1 200 2
0 7 3.7222222222 3.125 0 200 3
0 9 3.5555555556 7.75 1 201 1
1 9 3.7777777778 8 3 201 2
0 9 3.3333333333 6.375 1 201 3
0 8 3.6666666667 4.625 2 202 1
0 8 3.6666666667 3 2 202 2
0 8 3.9444444444 1.5 3 202 3
1 7 2.8333333333 7.75 1 204 1
1 7 2.7222222222 7 1 204 2
0 7 2.7222222222 6.5 1 204 3
1 9 3.7777777778 3.875 3 205 1
0 9 3.8888888889 1.5 2 205 2
0 9 3.8888888889 1.25 4 205 3
0 8 2.7222222222 5.75 1 206 1
0 8 2.2777777778 5.25 1 206 2
0 8 3 5.375 0 206 3
0 9 2.6666666667 7.75 1 207 1
0 9 3.0555555556 7.75 1 207 2
0 9 2.5 6.625 1 207 3
0 9 3.6111111111 6.375 0 208 1
0 9 3.8333333333 3.375 0 208 2
0 9 3.8333333333 1.5 1 208 3
0 8 3.4444444444 7.125 0 212 1
0 8 4 3.125 0 212 2
0 8 3.7777777778 2 0 212 3
0 8 3.7777777778 2.375 0 213 1
0 8 3.8888888889 3.125 0 213 2
0 8 4 1.125 0 213 3
0 9 3.3888888889 7.125 1 214 1
0 9 3.7222222222 3.75 0 214 2
1 9 3 3.125 1 214 3
1 8 3.2777777778 7.375 2 216 1
1 8 3 7.75 3 216 2
1 8 3.6111111111 7.125 3 216 3
1 9 3.3888888889 6.875 1 217 1
1 9 3.7777777778 2.5 1 217 2
1 9 4 4.375 0 217 3
1 7 3.1111111111 7.25 1 219 1
1 7 2.8333333333 7.5 2 219 2
0 7 3.1111111111 7 0 219 3
0 9 4 4.375 0 220 1
0 9 4 1.875 1 220 2
0 9 4 1 0 220 3
0 8 3.6666666667 4.75 0 221 1
0 8 3.7222222222 4.625 0 221 2
0 8 3.7222222222 2.375 1 221 3
1 8 3.5555555556 6.25 5 222 1
1 8 3.6111111111 6.5 4 222 2
1 8 2.6666666667 4.875 2 222 3
0 8 3.8888888889 4.625 0 223 1
0 8 4 3 1 223 2
0 8 4 1.125 0 223 3
0 9 4 5.75 2 225 1
0 9 3.7777777778 2.5 0 225 2
0 9 4 1.5 0 225 3
0 7 3 6.125 1 231 1
0 7 3.3333333333 5 0 231 2
0 7 3.5555555556 2.125 0 231 3
1 7 3.5 8.75 2 232 1
1 7 2.9444444444 7.125 0 232 2
1 7 3.5555555556 8.375 2 232 3
1 7 3.2222222222 6.5 2 233 1
0 7 3.3888888889 4.375 1 233 2
0 7 3.1666666667 1.875 1 233 3
0 9 3.0555555556 6.75 1 234 1
1 9 2.9444444444 6 1 234 2
0 9 3.3333333333 7.125 2 234 3
0 9 4 1.625 0 237 1
0 9 4 1 1 237 2
0 9 4 1.375 0 237 3
0 9 3.0555555556 7 1 238 1
0 9 3.2777777778 7.625 0 238 2
0 9 2.7777777778 7.5 0 238 3
0 6 2.7777777778 6.875 2 240 1
0 6 2.7222222222 5.75 0 240 2
0 6 2.2777777778 6.75 1 240 3
0 5 2.8333333333 7.625 1 241 1
1 5 3.0555555556 7.375 1 241 2
0 5 4 4 0 241 3
0 7 3.1666666667 6.75 1 242 1
0 7 3 6 1 242 2
1 7 3 7.125 4 242 3
1 6 2.8888888889 7.625 0 243 1
1 6 3.1111111111 7.375 0 243 2
1 6 2.4444444444 7.375 0 243 3
1 0 2.1111111111 7.75 2 244 1
1 0 2.7222222222 7.75 2 244 2
1 0 3 7.75 2 244 3
0 8 3.7777777778 3.25 1 245 1
0 8 4 2.375 3 245 2
0 8 3.9444444444 1.625 0 245 3
0 7 3.0555555556 6.25 0 247 1
0 7 3.1666666667 4.125 0 247 2
0 7 3.6111111111 4 0 247 3
0 9 3.6666666667 6.625 0 250 1
0 9 3.9444444444 3.75 1 250 2
0 9 3.8888888889 2.75 0 250 3
0 8 3.0555555556 6.875 1 251 1
0 8 2.7777777778 6.625 2 251 2
0 8 3.2222222222 7.125 0 251 3
0 8 4 6.625 0 252 1
0 8 3.7777777778 3.5 1 252 2
0 8 3.8888888889 1.125 0 252 3
0 7 4 1 1 258 1
0 7 4 1 0 258 2
0 7 3.6666666667 1 0 258 3
0 9 3.5 6.75 0 261 1
0 9 3.9444444444 2.25 0 261 2
0 9 4 2.25 3 261 3
1 9 3.4444444444 6.125 0 262 1
1 9 3.6666666667 2.875 1 262 2
1 9 3.5555555556 2.5 3 262 3
1 7 3.0555555556 7.25 1 266 1
0 7 3.1666666667 5.375 0 266 2
0 7 3.2777777778 2.75 0 266 3
1 9 2.2222222222 7 2 267 1
1 9 2.8333333333 5.375 1 267 2
0 9 3.6111111111 6 0 267 3
1 8 2.7222222222 7.75 0 268 1
1 8 3 6.75 2 268 2
0 8 2.5555555556 7.75 2 268 3
0 9 3.2222222222 4.625 0 269 1
0 9 3.0555555556 4.625 1 269 2
0 9 2.9444444444 5 0 269 3
1 8 3.6666666667 5.625 0 271 1
0 8 3.7777777778 1.125 0 271 2
0 8 3.8333333333 1 0 271 3
1 8 2.7777777778 7.25 2 272 1
1 8 2.8333333333 7.375 2 272 2
0 8 2.7777777778 7.375 2 272 3
1 4 2.3333333333 7.875 1 273 1
1 4 2.2777777778 7.625 2 273 2
1 4 2.7222222222 6.625 1 273 3
0 5 3.6666666667 6.5 0 275 1
1 5 3.5555555556 2.125 0 275 2
0 5 3.4444444444 2.625 0 275 3
0 7 3.9444444444 7.5 3 276 1
0 7 3.8888888889 7.25 1 276 2
0 7 4 1.25 0 276 3
1 7 3.4444444444 7.25 1 277 1
0 7 3.6666666667 6.25 0 277 2
0 7 3.9444444444 5.625 1 277 3
1 3 3.2777777778 6.625 0 279 1
0 3 3.6111111111 5.375 0 279 2
0 3 3.3333333333 5.875 1 279 3
0 6 3.1111111111 6.5 0 281 1
0 6 3.2777777778 3.5 0 281 2
0 6 3.4444444444 6.375 0 281 3
0 6 3.8888888889 4.875 1 283 1
0 6 4 2.5 1 283 2
0 6 3.7222222222 5.125 2 283 3
1 4 2.7777777778 6.75 1 284 1
1 4 2.3888888889 6 1 284 2
0 4 2.9444444444 4 4 284 3
0 9 3.3333333333 7 2 288 1
0 9 3.5 5.375 0 288 2
0 9 3.5555555556 5.5 0 288 3
0 8 3.2777777778 5.75 0 289 1
0 8 3.8888888889 4.625 0 289 2
0 8 4 1 1 289 3
0 8 3.8888888889 6.125 0 290 1
0 8 3.8888888889 2.375 0 290 2
0 8 4 1 0 290 3
0 8 3.5555555556 7.375 0 292 1
0 8 4 1.125 0 292 2
0 8 4 3.625 0 292 3
1 9 3.0555555556 7.75 1 293 1
1 9 3.1111111111 7.125 0 293 2
0 9 3.6111111111 2.875 2 293 3
0 8 3.2777777778 6.5 0 294 1
0 8 3.4444444444 5.625 0 294 2
0 8 3.5 6.25 0 294 3
0 9 3.4444444444 7.5 1 295 1
1 9 3.6666666667 6.875 1 295 2
0 9 3.2777777778 3.625 1 295 3
0 9 2.2777777778 8.875 0 296 1
0 9 3.5 7.75 0 296 2
0 9 2.6666666667 6.625 0 296 3
1 9 2.5 7.25 1 297 1
0 9 3 7.75 3 297 2
1 9 3.3333333333 4.125 0 297 3
0 8 3.7777777778 7.125 1 299 1
0 8 3.7222222222 4.875 0 299 2
0 8 3.6666666667 6.125 2 299 3
1 9 3.7777777778 6.875 0 300 1
1 9 3.9444444444 5.125 0 300 2
1 9 3.8888888889 3.75 1 300 3
1 4 3.5 7.375 2 301 1
0 4 3.8333333333 7.25 1 301 2
0 4 3.6666666667 7.75 0 301 3
1 5 3.1666666667 7.375 2 302 1
0 5 3.2222222222 7.75 0 302 2
1 5 3.3333333333 5.875 3 302 3
0 9 4 1.375 0 303 1
0 9 4 1.375 0 303 2
0 9 4 1.25 0 303 3
0 9 4 3.5 1 304 1
0 9 3.8888888889 1.5 0 304 2
0 9 4 1.5 2 304 3
0 9 3.4444444444 6.5 0 305 1
0 9 3.2777777778 3.75 0 305 2
0 9 3.6111111111 5.375 0 305 3
1 9 2.6111111111 7.25 2 306 1
0 9 2.4444444444 7.5 0 306 2
0 9 3.0555555556 6.625 0 306 3
0 4 2.7222222222 6.375 2 309 1
0 4 3.3333333333 6.25 1 309 2
1 4 3.3888888889 7.25 1 309 3
1 6 3.2777777778 6.75 0 310 1
1 6 3.7777777778 4.375 0 310 2
0 6 3.9444444444 7.125 1 310 3
1 7 3.7222222222 5.875 0 311 1
0 7 3.5555555556 6.625 0 311 2
0 7 3.5555555556 2.375 0 311 3
0 0 2.7777777778 5.5 0 312 1
1 0 3.2222222222 5.375 0 312 2
1 0 2.7222222222 3.75 0 312 3
1 5 3.5555555556 8.875 5 314 1
1 5 3.8888888889 4.25 1 314 2
1 5 4 1.875 3 314 3
0 9 3.4444444444 6.625 1 316 1
1 9 2.8888888889 5.375 1 316 2
0 9 3.5555555556 5.75 0 316 3
0 7 3.6666666667 6.5 0 317 1
0 7 3.7222222222 3.25 0 317 2
0 7 3.9444444444 2.875 0 317 3
0 8 3.0555555556 6.25 1 318 1
0 8 3.6666666667 5.875 2 318 2
0 8 3.6111111111 6 0 318 3
1 2 2.9444444444 7 0 319 1
0 2 3.7222222222 2.625 0 319 2
0 2 4 1.75 1 319 3
0 8 3.8333333333 2.75 0 320 1
0 8 3.7222222222 2 0 320 2
0 8 4 1.625 1 320 3
0 7 3.3333333333 6 0 321 1
0 7 3.7222222222 4.75 1 321 2
0 7 3.8333333333 6.375 0 321 3
0 6 3.1111111111 7.625 2 323 1
1 6 3.0555555556 5.625 0 323 2
1 6 2.8888888889 7.75 0 323 3
0 8 2.8888888889 8.125 2 325 1
0 8 3.4444444444 5.875 0 325 2
0 8 3.5 2.875 1 325 3
0 9 3.5555555556 6.75 0 329 1
1 9 3.6666666667 5 0 329 2
1 9 3.4444444444 7.5 0 329 3
1 4 2.5 7.125 2 331 1
1 4 2.8333333333 6.125 0 331 2
0 4 3.8333333333 3 1 331 3
0 8 2.8888888889 5.875 1 332 1
1 8 3.0555555556 7.25 1 332 2
0 8 3.1111111111 4.75 0 332 3
0 6 3.7222222222 5.5 2 334 1
0 6 3.4444444444 4.25 3 334 2
0 6 3.5555555556 5.75 0 334 3
0 8 3.7222222222 3.5 0 337 1
0 8 4 1.625 0 337 2
0 8 4 1.125 0 337 3
0 9 3.8888888889 5.875 2 338 1
0 9 3.5555555556 6.625 0 338 2
0 9 3.3333333333 6.625 1 338 3
1 6 3.1111111111 7.125 1 339 1
1 6 2.8888888889 5.625 1 339 2
1 6 3 6.125 2 339 3
0 7 3.6111111111 6.125 1 340 1
1 7 3.6111111111 6 0 340 2
0 7 3.4444444444 5.5 0 340 3
1 7 3.5 6.875 2 343 1
0 7 3.1111111111 4.75 0 343 2
0 7 3.6666666667 4 1 343 3
1 8 3.7222222222 6.25 1 344 1
1 8 3.7777777778 3.125 1 344 2
0 8 3.7222222222 4.625 0 344 3
0 9 4 3.875 1 345 1
0 9 4 2.125 1 345 2
0 9 4 1 0 345 3
1 3 3.2777777778 7.75 1 346 1
1 3 3.5 7.75 0 346 2
1 3 2.6111111111 7.75 1 346 3
0 8 3 6.625 2 348 1
0 8 3.3333333333 7 1 348 2
0 8 3.5555555556 7.125 1 348 3
1 7 3.5 5 1 349 1
0 7 3.9444444444 4.625 0 349 2
0 7 4 4.5 0 349 3
1 1 2.6111111111 7.75 3 350 1
1 1 2.8333333333 5.875 1 350 2
1 1 3.2777777778 6.5 1 350 3
0 9 3.7777777778 3 0 351 1
0 9 4 1 0 351 2
0 9 3.7777777778 1 0 351 3
1 9 3.2777777778 6.25 1 354 1
1 9 3.2777777778 3.625 1 354 2
0 9 3.4444444444 2.625 0 354 3
0 1 2.7222222222 8.125 1 356 1
1 1 2.8888888889 8.25 0 356 2
0 1 2.7222222222 7.75 0 356 3
0 8 3.4444444444 9.5 1 360 1
0 8 3.5555555556 7.75 0 360 2
0 8 3.5 5.375 2 360 3
0 6 2.6666666667 6.125 1 364 1
0 6 3.6111111111 5.75 1 364 2
0 6 4 3.125 2 364 3
0 8 3.5555555556 5.875 0 365 1
0 8 3.5555555556 3.5 0 365 2
0 8 3.6111111111 4.75 0 365 3
1 9 3.4444444444 7.25 0 366 1
0 9 3.4444444444 6.5 1 366 2
0 9 3.1666666667 3.75 0 366 3
0 9 3.5 4.5 0 368 1
0 9 3.9444444444 3.25 0 368 2
0 9 4 1 0 368 3
1 9 3.5 6.625 3 369 1
0 9 3.1666666667 6.375 2 369 2
0 9 3.5 7.75 2 369 3
0 9 3 7.375 2 371 1
0 9 3.6111111111 7.75 5 371 2
0 9 3.6666666667 7.125 3 371 3
0 9 2.7777777778 6.5 2 372 1
0 9 3.0555555556 6.5 1 372 2
0 9 2.3888888889 6.25 1 372 3
0 8 3.2777777778 7.25 0 373 1
1 8 3.2222222222 6.625 1 373 2
1 8 3.7222222222 5.125 2 373 3
0 3 2.9444444444 7.375 2 374 1
0 3 3.5555555556 6.75 1 374 2
0 3 3.3888888889 5.625 0 374 3
0 9 2.2777777778 7.5 1 375 1
0 9 3 5.125 0 375 2
0 9 3.2222222222 7.375 0 375 3
0 8 3.4444444444 7.625 3 377 1
0 8 3.7777777778 7.125 1 377 2
0 8 3.7777777778 7.625 1 377 3
1 9 2.7222222222 6.25 1 378 1
0 9 2.8333333333 3.625 1 378 2
0 9 3.2222222222 2 1 378 3
0 7 2.8888888889 2.25 0 379 1
0 7 3.6111111111 2.25 1 379 2
0 7 3.2777777778 4.25 0 379 3
0 9 3.2222222222 4.5 1 380 1
0 9 2.9444444444 2.375 2 380 2
0 9 3.5 3.5 2 380 3
1 9 2.6111111111 7.75 0 382 1
0 9 3.2222222222 7.125 0 382 2
0 9 3.7222222222 7.75 1 382 3
1 3 2.5555555556 7.375 1 383 1
1 3 3.0555555556 5.625 0 383 2
0 3 3.5555555556 5.5 0 383 3
1 8 3.5 5.875 3 386 1
1 8 3.8333333333 4.75 4 386 2
0 8 4 1 2 386 3
0 0 2.8888888889 7.75 1 387 1
0 0 3 5 0 387 2
0 0 3.5 1 1 387 3
0 8 2.9444444444 6.25 1 392 1
0 8 2.7777777778 3.375 1 392 2
1 8 2.9444444444 5.875 1 392 3
1 3 2.9444444444 9.25 0 393 1
1 3 3.6666666667 8.875 1 393 2
1 3 3.2222222222 7.375 2 393 3
0 9 2.7777777778 7.75 0 394 1
0 9 3.0555555556 5.625 0 394 2
1 9 2.4444444444 7.25 0 394 3
0 8 3.3888888889 6.375 0 395 1
0 8 3.8333333333 5.5 2 395 2
0 8 3.5555555556 5.25 1 395 3
1 6 2.9444444444 8.375 2 397 1
1 6 3.7222222222 7 0 397 2
1 6 3.5555555556 7.125 0 397 3
1 7 3.3333333333 7.125 0 398 1
1 7 3.6111111111 5.125 0 398 2
1 7 3.6666666667 2.625 0 398 3
0 8 3.3888888889 4.875 1 399 1
0 8 3.5 5 1 399 2
0 8 3.7777777778 4.125 0 399 3
1 8 3.1666666667 7.5 0 401 1
0 8 3.2222222222 5.375 0 401 2
0 8 3 7.125 1 401 3
1 9 3 6 0 402 1
0 9 3.5 7.5 0 402 2
0 9 3.5555555556 6.5 0 402 3
0 8 3.9444444444 3.625 1 404 1
0 8 3.9444444444 3.625 0 404 2
0 8 4 1.25 0 404 3
0 9 3.4444444444 6.5 1 406 1
0 9 3.5555555556 6.125 1 406 2
0 9 3.8888888889 2.375 0 406 3
0 9 3.8888888889 2.625 0 409 1
0 9 4 2.125 0 409 2
0 9 3.6666666667 1.375 0 409 3
1 5 3.3888888889 7.75 0 410 1
0 5 3.0555555556 7.75 0 410 2
0 5 3.2777777778 7.75 0 410 3
0 5 3.3333333333 8 1 411 1
1 5 3.6111111111 7.375 0 411 2
0 5 2.8888888889 7.75 0 411 3
0 5 3.2222222222 5.875 0 414 1
0 5 3.6111111111 6.125 0 414 2
0 5 3.9444444444 6.625 1 414 3
0 9 3.7777777778 6.25 0 415 1
0 9 3.9444444444 2.625 0 415 2
0 9 3.4444444444 2.875 0 415 3
0 6 3.7222222222 5.75 0 418 1
0 6 3.2222222222 5.875 0 418 2
0 6 3.6666666667 5.25 0 418 3
0 8 3.6111111111 6.5 0 419 1
0 8 4 1.75 0 419 2
0 8 4 4 0 419 3
1 2 3.5 6.625 0 420 1
1 2 2.7222222222 6.125 1 420 2
1 2 3.3888888889 6 0 420 3
0 8 3.9444444444 6.125 0 423 1
0 8 4 3.5 0 423 2
0 8 4 2.5 0 423 3
1 6 3.6666666667 7 1 424 1
1 6 3.6666666667 5.375 0 424 2
1 6 3.6666666667 5.875 1 424 3
1 7 3.3333333333 7.75 1 425 1
1 7 3.3333333333 7.75 0 425 2
1 7 3.5555555556 6.25 1 425 3
0 8 2.8333333333 5.625 0 428 1
0 8 3.1666666667 6.875 0 428 2
0 8 2.6111111111 7.75 1 428 3
1 9 3.3333333333 5.875 0 434 1
0 9 3.8333333333 7.375 0 434 2
0 9 4 6.625 1 434 3
0 6 3.5555555556 4.5 0 435 1
0 6 3.4444444444 2.375 2 435 2
0 6 3.5555555556 3.625 0 435 3
1 9 3.1111111111 7.75 1 437 1
1 9 2.3333333333 8.875 0 437 2
1 9 2.3333333333 7.75 1 437 3
0 9 3.5555555556 5.375 0 438 1
0 9 3.6111111111 6.125 0 438 2
0 9 4 4.5 0 438 3
1 6 3.2777777778 6.625 0 441 1
1 6 3.6666666667 6.75 0 441 2
1 6 3.2777777778 6.875 1 441 3
1 8 3.5 7.625 3 443 1
0 8 3.6111111111 2.125 2 443 2
0 8 3.5 4.125 0 443 3
0 4 3.3333333333 8.875 0 445 1
1 4 3.7222222222 7.75 2 445 2
1 4 3.3333333333 2.5 3 445 3
1 3 2.6666666667 7.25 2 447 1
1 3 2.9444444444 4.5 0 447 2
1 3 2.7777777778 2.375 1 447 3
0 9 3.2777777778 7.75 0 448 1
0 9 3.9444444444 6.125 0 448 2
0 9 3.7222222222 4.875 0 448 3
1 8 3.4444444444 7.375 1 450 1
1 8 3.2777777778 7.25 0 450 2
0 8 2.6666666667 7.625 1 450 3
0 9 3.6666666667 7.75 1 451 1
1 9 2.9444444444 7 1 451 2
1 9 3.1666666667 3.875 0 451 3
1 8 3.3888888889 7.5 0 453 1
0 8 3.4444444444 6.125 0 453 2
0 8 3.6666666667 5.5 0 453 3
0 6 2.6666666667 7.75 2 454 1
0 6 3 5 1 454 2
0 6 3.1666666667 6.5 0 454 3
1 6 2.1111111111 6.625 2 457 1
1 6 2.7777777778 6.5 1 457 2
1 6 2.8888888889 6.625 1 457 3
0 3 3.4444444444 5.75 1 459 1
0 3 3.1111111111 6.75 2 459 2
0 3 3.5 2 1 459 3
1 9 2.6111111111 7.5 2 460 1
1 9 3.1666666667 3.875 1 460 2
1 9 3.5 2.625 2 460 3
1 7 3.2222222222 7.625 0 461 1
0 7 3.7222222222 7.25 0 461 2
0 7 3.8888888889 3 0 461 3
1 6 3.6111111111 6.625 1 462 1
1 6 2.8333333333 7.75 3 462 2
1 6 2.5555555556 6.875 0 462 3
1 7 2.7777777778 8 0 463 1
1 7 2.5555555556 5.625 0 463 2
1 7 3.6111111111 5 0 463 3
0 7 2.9444444444 6.375 0 464 1
0 7 2.5555555556 7.75 1 464 2
0 7 2.9444444444 6.875 0 464 3
0 7 2.9444444444 3.75 3 468 1
1 7 3.3888888889 3.125 0 468 2
0 7 3.7222222222 2.5 2 468 3
1 8 3.5 6.75 0 469 1
0 8 3.8888888889 5.125 1 469 2
0 8 4 6.25 1 469 3
0 5 3.2777777778 7 1 470 1
0 5 3.1666666667 4.5 0 470 2
0 5 3.3888888889 5.125 2 470 3
1 8 2.9444444444 6.25 1 471 1
0 8 3.7222222222 6.375 1 471 2
1 8 3.2222222222 5 1 471 3
0 7 3.5 7.75 0 473 1
0 7 3.7222222222 6.5 1 473 2
0 7 3.5 7.5 0 473 3
1 9 3.1111111111 7.25 0 474 1
0 9 3.1111111111 7.75 2 474 2
0 9 3.6666666667 1 1 474 3
1 4 3.1666666667 6.625 0 482 1
0 4 3 7.25 0 482 2
1 4 3.1666666667 7.625 1 482 3
0 8 3.3888888889 7.75 0 487 1
0 8 3.5555555556 6.875 0 487 2
0 8 3.6111111111 3.75 2 487 3
0 6 3.5555555556 6 1 488 1
0 6 3 6 3 488 2
0 6 3.6666666667 1.75 2 488 3
0 9 3.5555555556 7.375 1 490 1
0 9 3.7222222222 1.625 1 490 2
0 9 3.7777777778 1 0 490 3
0 9 3.1111111111 5.75 0 491 1
0 9 3.8888888889 6.5 1 491 2
0 9 3.3888888889 2.625 0 491 3
0 7 3.2777777778 7.375 0 492 1
1 7 3.6111111111 6.375 0 492 2
0 7 3.7222222222 2.875 1 492 3
0 9 3.3333333333 6.875 1 493 1
0 9 3.4444444444 7 0 493 2
0 9 3.7777777778 5 0 493 3
0 7 3.3333333333 6.75 0 495 1
0 7 3.3333333333 7.125 1 495 2
0 7 3.2777777778 6.25 0 495 3
1 6 1.8333333333 6.75 2 496 1
1 6 2.5 6.75 0 496 2
0 6 3.6666666667 6.875 0 496 3
0 9 3.8333333333 1.25 1 497 1
0 9 3.8888888889 1.375 0 497 2
0 9 4 1 2 497 3
1 5 3.0555555556 6.75 0 499 1
0 5 3.3333333333 6.625 1 499 2
1 5 3.6666666667 5.75 0 499 3
1 9 3.3888888889 7 0 505 1
0 9 3.5 6.125 0 505 2
0 9 3.0555555556 3.5 0 505 3
0 9 3.7222222222 4.75 1 506 1
0 9 3.3333333333 2 1 506 2
0 9 3.5555555556 4.125 2 506 3
0 7 2.9444444444 4.875 3 510 1
1 7 2.7777777778 6.5 3 510 2
1 7 3.3888888889 3.875 2 510 3
1 6 3.0555555556 4.875 1 514 1
0 6 3.4444444444 1.375 1 514 2
0 6 2.9444444444 1.75 3 514 3
0 5 3.3333333333 8 0 518 1
1 5 3.5555555556 7 0 518 2
0 5 3.3888888889 6.375 0 518 3
0 9 4 2.25 0 520 1
0 9 4 2.25 0 520 2
0 9 4 3.125 1 520 3
1 3 3.1111111111 7.125 5 522 1
0 3 3.2777777778 6.625 0 522 2
0 3 2.7222222222 5.75 1 522 3
1 2 2.9444444444 6.75 0 523 1
0 2 3.3333333333 7 1 523 2
0 2 3.3333333333 5.25 0 523 3
1 4 2.5555555556 7.75 2 529 1
1 4 2.7222222222 7.375 0 529 2
1 4 3.3888888889 7.75 1 529 3
0 7 3.8888888889 4.125 0 531 1
0 7 4 3.25 1 531 2
0 7 3.7777777778 2.25 1 531 3
0 9 3.7777777778 5.875 0 532 1
0 9 4 5.375 0 532 2
0 9 4 3.125 0 532 3
1 6 2.4444444444 6.875 0 536 1
0 6 2.5555555556 5.875 0 536 2
1 6 3.5555555556 7.25 0 536 3
0 8 3.6111111111 6.5 0 538 1
0 8 3.1111111111 4.375 0 538 2
0 8 3.3888888889 4.125 0 538 3
0 7 2.3888888889 7.875 1 539 1
0 7 2.8888888889 6.75 0 539 2
0 7 3.0555555556 6.5 2 539 3
1 9 3.3333333333 7.5 0 545 1
1 9 4 5.125 0 545 2
1 9 2.8333333333 6.125 1 545 3
0 9 2.9444444444 6.125 0 551 1
0 9 3.2222222222 7.125 0 551 2
0 9 3.3888888889 2.625 0 551 3
0 7 2.7777777778 9.75 1 554 1
1 7 3.6666666667 8.75 0 554 2
1 7 3.2222222222 9.25 2 554 3
1 9 2.4444444444 7.75 0 557 1
1 9 3.0555555556 7.75 0 557 2
0 9 2.7222222222 6.375 2 557 3
1 8 3.3888888889 7.75 2 558 1
0 8 3.6111111111 7.25 1 558 2
0 8 3.6111111111 2.625 0 558 3
0 8 3.1111111111 5.125 0 559 1
0 8 3.2222222222 5.625 0 559 2
1 8 3.0555555556 6.75 5 559 3
0 9 3.6111111111 6.5 0 561 1
0 9 4 7.125 0 561 2
0 9 3.7777777778 6.625 0 561 3
1 9 3.3888888889 9.25 0 562 1
1 9 3.7222222222 6.625 0 562 2
1 9 3.9444444444 4.125 1 562 3
0 7 3.1111111111 8.875 0 564 1
0 7 3.2777777778 7.125 1 564 2
0 7 3.7222222222 6.375 0 564 3
0 6 3.1111111111 4.5 0 565 1
0 6 3.3333333333 3.25 1 565 2
0 6 3.0555555556 1.875 0 565 3
1 5 2.8333333333 5.875 1 566 1
0 5 3.2777777778 5 0 566 2
0 5 3.2222222222 5.25 1 566 3
0 8 3.7777777778 5 0 567 1
0 8 3.7777777778 3.625 1 567 2
0 8 3.5555555556 2.5 1 567 3
1 5 3.3888888889 7 3 568 1
1 5 3.4444444444 3.125 1 568 2
1 5 3.1666666667 6.875 5 568 3
1 9 3.8888888889 7.5 2 569 1
0 9 3.9444444444 7.75 0 569 2
0 9 3.5 7.5 2 569 3
0 7 3.7222222222 2.75 0 570 1
0 7 3.8888888889 2.25 0 570 2
0 7 3.6666666667 1.25 0 570 3
0 7 3.5555555556 3 0 571 1
0 7 2.9444444444 1.875 0 571 2
0 7 3.5 2.75 0 571 3
