sid adl1 pain1 srh1 walk1 cesd1 adl2 pain2 srh2 walk2 cesd2 adl3 pain3 srh3 walk3 cesd3 adl4 pain4 srh4 walk4 cesd4 
       1         3         0         2         1          9         2         5         4         0         28         3         0         2         0         31         3         0         2         0     11.579  
       2         3         0         4         0         NA        1         1         1         0      2.222         2         5         1         0         12         1        NA        2         0         NA 
       9         3         0         2         1          7         3        NA        3        NA         6         0        NA       NA       NA        NA        2         0         2         0         11  
      11         3         1         2         1         11         3         0         2         1          4        NA       NA       NA       NA        NA        3         0         3         1          3  
      17         3         0         3         1         15         3         0         3         0         22         3        NA        2        NA        23         3         0         3         0         11  
      23         3         1         2         0         13         2         1         2         0         13         3        NA        2        NA        15         3         0         2         1          5  
      25         3         0         3         0         21         1         6         3        NA        18         2         1         3         0         11         2         2         3         0          3  
      30         3         0         2         1         15         0        NA       NA       NA        NA       NA       NA       NA       NA        NA        3         2         3         1         11  
      31         2         0         3         0         32         1         5         4         0         31         0        NA       NA       NA        NA        0         6         4         0         14  
      34         3         0         3         1         14         0         0         4         0         22         2         0         3         0          6         1         2         4         0         10  
      38         3         0         4         1     26.316         1         6         3         0     15.789         2         2         3         0         17         2         2         3         0         10  
      43         3         0         3         1         25         3         6         4         0         11         3         0         3         0         11         3         6         3         0          4  
      45         3         0         3         1         23         3         2         2         0      7.778         3         0         2         0         14         3         0         2         0          8  
      50         3         0         4         1         19         0        NA       NA        0         NA       NA       NA       NA        0         NA       NA       NA       NA        0         NA 
      51         3         0         2         1         34         2        NA        2        NA        16         3         0         2         0         38         3         0         2         1      7.778  
      52         3         0         4         1         30         0         0         4         0         42         0         2         4         0         48         1        NA        3         0         NA 
      54         3         0        NA        1         15         2         0        NA        0          4         3         0         2         1          5         3         0         2         1          0  
      55         3         0         2         1          7         2         1         2         0         10         3         2         2         0         11         3         0         2         0      3.158  
      57         3         0         2         1         24         2         0         2         0         21         0        NA       NA       NA        NA        2         0         4         0          7  
      65         2         0         2         0         15         1         2         2         0         NA        0         0        NA        0         NA        2         0         2         0          0  
      68         3         0         2         1         14         3         0         3         0          4         3         2         2         1          5         3         0        NA        1          2  
      70         0         0         4         1         20         0        NA        2        NA        14         1         0         3         0         17         1         0         2         0          2  
      73         3         0         3         1         10         3         3         3         0         21         3         2         3         0         11         3         2         2         1          2  
      74         3         0         4         1         31         3        NA        4        NA        23         3        NA        2        NA        11         3         6         4         0         13  
      80         3         0         3         1         16         3        NA        2         0         15         3         0         2         1         13         3         0         3         0          1  
      81         2         0         3         1         17         1         0         2         0         14         0         0        NA        0         NA        0        NA        4         0         NA 
      82         3         0        NA        0          9         0        NA       NA       NA        NA       NA       NA       NA       NA        NA        3         2         2         0          7  
      84         3         0         3         1          6         3         2         2         0         10         3         0         2         0         10         3         0         2         0          0  
      88         3         0         4         1         17         0        NA       NA       NA        NA       NA       NA       NA       NA        NA        3         0         2         1          5  
      96         3         0         2         0         13         2         0         2         0          6         2         1         2         0          7         3         6         2         0          1  
      99         3         0         4         1         11         1         0         3         0          3         0         0         2         0          6         2        NA        2         0         NA 
     102        NA       NA       NA       NA        NA       NA       NA       NA       NA        NA       NA       NA       NA       NA        NA       NA       NA       NA       NA        NA 
     104         3         0         3         1          9         2         0         3         1         20         3         0         3         1         14         3         0         3         1      1.053  
     105         3         0         2         1         13         0        NA       NA       NA        NA       NA       NA       NA       NA        NA        3         6         1         0          0  
     122         3         0         3         1         18         0         2         2         1         18        NA       NA       NA        0         NA       NA       NA       NA        0         NA 
     124         3         0         1         1          8         0        NA       NA       NA        NA       NA       NA       NA       NA        NA        3         0         2         1          0  
     128         3         0         4         1         19         1         0         3         0          9         3         0         3         0          5         3         2         2         1          0  
     130         3         0         2         1         17         2         1         2         0         12         3         0         2         1         11         3         0         3         0      9.474  
     132         3         1         3         1          8         0        NA       NA       NA        NA       NA       NA       NA       NA        NA        3         2         2         0          1  
     135         3         0         1         1          4         2        NA        1        NA         4         3         0         2         1          4         3         0         2         1          0  
     142         3         0         1         1          4         3         0         1         0          5         3         0         1         0          5         3         2         2         1          1  
     143         3         0         1         1         20         0        NA       NA       NA        NA       NA       NA       NA       NA        NA        3         0         1         1          0  
     150         3         0         3         1         23         3         1         2         0         35         0         0        NA        0         NA        3         2         2         0          6  
     151         3         0         2         1          5         3         0         1         0          4         3         0         1         1          4         3         0         1         1          0  
     153         3         0         2         1         18         0        NA       NA       NA        NA       NA       NA       NA       NA        NA        3         2         2         0         11  
     155         3         0         4         1         27         2         0         2         0         10         3         0         2         0          9         3         6         3         1          4  
     157         2         0         4         1         21         3         6         3         0      9.474         3         2         3         0         19         3        NA        4         0         NA 
     158         3         0         2         1         24         3         3         2         1          8         3         0         2         0          4         3         2         2         1          9  
     162         3         0         4         1          9         3        NA        2        NA         6         2         0         2         1          8         2         0         2         1          0  
     164         3         0         2         1          4         3         0         2         0          7         3        NA        2        NA    14.737         3         0         2         1          0  
     165         3         0         4         0     17.895         3         0         3         0          8         3         0         3         0          5         3         0         3         1          0  
     178         3         0         2         1         10         0        NA       NA       NA        NA        2         6         3         0          6         2         2         3         0      2.105  
     183         3         0         3         1         12         1         2         2         0         14         2         0         2         0          8         2         2         1         0          0  
     185         3         0         2         1          6         3         1         2         0         12         3         0         1         1          4         3         0         2         1          2  
     196         3         0         1         1          7         2         0         1         0          9         2         0         2         0          6         1        NA        2         0         NA 
     200         3         0         4         0         31         0        NA       NA        0         NA       NA       NA       NA        0         NA       NA       NA       NA        0         NA 
     202         3         0         4         1         NA        0        NA        2         0         22         2         0         2         0         22         2        NA        2         0         NA 
     204         3         0         2         1          4         3        NA        2         1          6         3         0         4         1          6         3         2         2         1          1  
     215         3         0         1         1         15         3         0         1         1          8         3         0         2         1         19         3         0         1         1          0  
     240         3         0         2         1         20         2         0         4         0         11         3         0         3         0         15         3         2         3         1          1  
     242         3         0         2         1          5         3         3         2         0          7         3         0         2         0          4         3         2         2         0          1  
     250         2         0         2         1         12         3        NA        2        NA        13         3        NA        2        NA     8.421         3         0         2         1          0  
     251         3         1         2         1          7         3         2         2         1          5         3         0         1         1          8         3         2         1         1          1  
     253         2         0         3         0          5         3         2         2         0         20         3         0         3         0         13         3         2         2         0          3  
     261         3         0         3         1     35.789         1         0         4         0         24         3         2         3         0         17         3         2         3         1          7  
     263         3         0         3         1         16         3         1         2         0          7         3         1         2         0         12         3         2         2         1          3  
     265         3         0         2         1          9         3        NA        3        NA        23        NA       NA       NA       NA        NA       NA       NA       NA        0         NA 
     266         3         0         3         1     23.158         3         4         2         0         21         3         2         2         1         12         3         2         2         1          0  
     269         3         0         3         1         30         0        NA        3         0     30.526         2         2         3         0         10         2         2         4         0          1  
     271         2         0         3         0         18         0        NA       NA       NA        NA       NA       NA       NA       NA        NA        0        NA        3         0         NA 
     273         3         0         2         1         12         3         0         2         1          7         3         1         1         1          6         3         0         1         1          0  
     275         3         0         3         0         19         0        NA       NA       NA        NA        0         4        NA        0         NA        3        NA        2         0         NA 
     288         3         0         3         1         24         3         5         3         1         10         3         0         2         1         19         3         2         2         0         12  
     291         3         0         4         0         37         1         5         3         0         27        NA       NA       NA       NA        NA        0         0         3         0          5  
     293         3         0         3         0         12         0        NA       NA        0         NA       NA       NA       NA        0         NA       NA       NA       NA        0         NA 
     300         3         0         3         1         16         3         0         2         0         11         3         1         2         1         11         3         0         2         1          6  
     304         0         0        NA        1         NA        1         0         2         0         13        NA       NA       NA        0         NA       NA       NA       NA        0         NA 
     305         2         1         2         1         15         1         0         2         0          7         0        NA       NA        0         NA        0        NA        2         0         NA 
     309         3         0         2         0         11         2         0         3         0         10         2         5         3         0         16         2        NA        3         0         NA 
     312         0         0        NA        1         NA        0         0        NA        0         NA        3         0         3         0          5         2        NA        3         0         NA 
     319         3         0         3         1         31         2        NA        3         0         25         3         5         1         1         23         3         2         2         0         10  
     320         3         0         2         1          6         1         1         2         0          9         2         2         3         0         11         3         2         2         1          1  
     323         0         0        NA        1         NA        2         0         2         0          7         0         0        NA        0         NA        2         0         2         1          4  
     326         3         0         3         1         22         2         0         2         0         28         0         0        NA        0         NA        3         2         2         0          8  
     330         3         0         4         1         21         0         0        NA        0         NA        0         0        NA        0         NA       NA       NA       NA        0         NA 
     334         3         0         2         0          8         0        NA       NA       NA        NA        3         0         2         0         12         3         0         2         0          0  
     335         3         0         3         1         18         3         0         3         0         18         3         0         3         1         13         3         0         3         1      8.421  
     338         3         0         2         1         20         3         2         2         0         12         3         0         2         1          5         3         0         1         1          1  
     346         3         0         2         1         14         1        NA        2        NA        13        NA       NA       NA       NA        NA        0        NA        3         0         NA 
     355         3         0         2         1         17         3         0         2         0         12         3         0         3         1         11         3         6         2         1          1  
     356         3         0         4         1         27         3         6         3         0         27         3         0         2         0         10         3         0         3         0          0  
     357         3         0         4         1         25         0         6        NA        1         NA       NA       NA       NA       NA        NA       NA       NA       NA        0         NA 
     360         3         0         4         1         28         3         0         2         0         17         3         0         2         0         19         3         2         3         0         10  
     361         3         0         3         0          9         2         0         2         0         19         3         0         2         0         15         3         0         2         0          1  
     362         3         0         3         1         24         3         0         4         0         26         3         0         4         0         26         3         2         4         1         12  
     365         2         0         3         1         28         1         0         3         0         21         0         4        NA        0         NA        0        NA        4         0         NA 
     366         3         1         3         1          7         3         0         2         0          5         3         0         2         0          9         3         0         1         0          0  
     369         3         0         4         1         42         0        NA       NA       NA        NA       NA       NA       NA       NA        NA        1        NA        4         0         NA 
     370         3         0         3         1         12         0         0        NA        0         NA        0         0        NA        0         NA        0        NA        3         0         NA 
     373         3         1         2         1          8         3         0         1         1          6         3         0         1         1          5         3         0         1         1          0  
     376         3         0         2         1         22         0        NA       NA       NA        NA        1         6         2         0          9         2         2         2         0          8  
     377         3         0         2         1         14         3         0         2         0     14.737         3         0         3         1         14         3         0         3         1          4  
     378         3         0         2         1          8         1         0         2         1          9         0         0         2         0          5         3         2         2         1          0  
     384         3         1         1         0         10         3         4         1         1          5         3         0         1         1          7         3         2         1         0          0  
     386         3         0         1         1          4         0        NA       NA       NA        NA       NA       NA       NA       NA        NA        3         0         1         1          0  
     391         2         0         4         1         25         3         0         4         0         24         0        NA       NA       NA        NA       NA       NA       NA        0         NA 
     392         3         0         4         1         24         0         6         2         0         13         0         6         4         0         22         3         6         4         0         14  
     393         3         0         3         1         16         0        NA       NA       NA        NA       NA       NA       NA       NA        NA        2         2         3         0         11  
     396         3         0         2         1          7         3         0         1         0          4         3         0         2         1          8         3         2         2         1          0  
     399         3         0         2         1     12.632         3         0         2         0         15         3         0         2         1          7         3        NA        2         1         NA 
     400         3         0         4         1      8.421         1         0         4         0         21        NA       NA       NA       NA        NA       NA       NA       NA        0         NA 
     401         2         0         4         1         20         0        NA       NA       NA        NA        2        NA        2        NA     8.889         3         2         2         0          6  
     404         3         0         3         1         26         1        NA        3        NA        25         1         0         3         0         12         1         6         3         0          2  
     408         2         0         3         0          8         1         4         2         0          4         0        NA        2        NA    27.778        NA       NA       NA        0         NA 
     409         3         1         4         1         22         3         0         2         0         13         3         2         2         0         10         3         2         2         0          1  
     411         3         0         3         1          8         0        NA       NA        0         NA       NA       NA       NA        0         NA       NA       NA       NA        0         NA 
     412         3         0         3         0         20         3        NA        3        NA        22        NA       NA       NA       NA        NA        3        NA        4         0         NA 
     415         3         0         4         1         33         1         5         3         0     31.111         2         4         4         0         24         2         6         3         0         11  
     416         3         0         2         1      6.316         3         0         2         0     10.526         2         0         2         0          4         3         2         2         0          0  
     417         3         0         4         0         20         3         0         2         0         16         2         2         2         0         12         3         2         2         0          1  
     427         3         1         4         1         20         2         0         3         0         12         3         0         3         0          9         3         2         3         0          0  
     428         3         0         2         1         10         0        NA       NA       NA        NA        3         2         2         0          8         3         2         3         0          3  
     429         3         0         2         0          5         3         0         2         1          8         3         1         2         0         11         2         2         2         0          4  
     438         0         0        NA        0         NA        0        NA       NA       NA        NA        0         0        NA        0         NA        0        NA        4         0         NA 
     440         3         0         3         1         15         2         0         2         1         14         1         0         3         0          4         0         0         2         0         NA 
     441         3         0         1         1         12         3         0         2         0         10         3         0         2         1          7         3         0         2         1          1  
     444         0         0         2         1         12         1         6         3         1          8         1         1         2         1          6         1         0         2         1          0  
     450         3         1         2         0         13         2        NA        2        NA        12         3         1         3         0          8         3         0         2         0         NA 
     453         3         0         2         0         16         3         0         1         0     12.632         3         0         2         0         15        NA       NA       NA        0         NA 
     457         3         0         2         1          9         3         0        NA        1          8         3         0         2         1         10         3         0         2         1          4  
     459         3         0         3         1         29         3         5         4         1         27        NA       NA       NA        0         NA       NA       NA       NA        0         NA 
     460         3         0         1         0         12         3         4         2         0          5         2         0         2         0         11         1         2         2         0          3  
     461         3         1         3         0         32         2         5         3         0         30         1         5         3         0         26         3         2         3         0         17  
     463         0         1        NA        1         NA        2         0         3         0         10         3         6         4         0         18         2         2         2         0          1  
     466         3         1         3         1         15         3        NA        2        NA        21         2         0         2         0         11         3         0         3         0          2  
     468         3         0         4         1         31         2         2         3         0         17         3         2         3         0         19         3         2         3         0          5  
     471         3         0         3         1         29         2         0         2         1         16         3         2         2         1         14         3         6         2         1          3  
     476         3         0         3         0         33         0         0         3         0     12.222         0         0        NA        0         NA        0        NA        3         0         NA 
     477         3         0         2         1         22         1        NA        2        NA         5         3         1         2         0          9         3         0         2         0          7  
     482         3         1         3         0         19         2         0         4         0         14         2         5         4         0     11.579         3         2         4         0         12  
     483         3         0         2         1         15         3         2         2         0         NA        3         2         2         0          7         3        NA        2         0         NA 
     484         3         1         3         1         12         3         1         1         0      6.667         3         1         2         1          6         3         2         2         1          2  
     485         3         0         2         1         16         0        NA       NA       NA        NA        0        NA       NA       NA        NA        1        NA        2         0         NA 
     488         3         0         4         1         20         3         0         3         0         12         3         0         3         1         11         3         2         2         1          2  
     491         3         0         2         1          4         2        NA        2        NA         8         3         6         2         0         14         3         0         3         1      2.105  
     493         3         0         3         1         16         3         0         4         0         10         3         0         2         1          7         0         0         2         0          3  
     494         3         0         2         1         16         2         0         1         0          9         2         0         2         0      7.368         3         0         1         0          2  
     495         3         0         3         1         15         3         0         2         0         15         3         0         2         0         11         3         2         2         1          0  
     498         3         1         4         1         32         2         4         4         0         27        NA       NA       NA        0         NA       NA       NA       NA        0         NA 
     499         3         0         2         1         20         2         2         2         0         31         3         3         2         1          9         3         6         2         1          5  
     502         3         0         2         1         11         2         0         2         0          6         2         2         2         1          7         3         2         1         1          0  
     503         3         0         2         1         17         0        NA       NA       NA        NA       NA        0        NA        0         NA        3         2         2         1         NA 
     512         3         0         2         1         16         3         3         2         0         16         3         0         2         0         14         3         2         1         1          3  
     520         3         0         1         1         14         3         1         2         0         16         3         1         2         1         12         3         2         2         1          0  
     521         3         1         4         1         22         3         0         3         0         21         2         3         4         0         24         3         6         3         0         11  
     524         0         0         3         0     23.158         0        NA        4        NA        NA        0         0         2         0     13.684         0        NA        2         0         NA 
     525         2         1         4         0         31         2         2         3         0         28         2         2         4         0         20         2         0         2         0         14  
     527         3         0         4         1         18         3        NA        3        NA         9         2         2         3         0         17         3         0         3         0     11.579  
     529         3         0         2         1         14         3         1         2         1          9         3         0         2         1          7         3         2         2         1          4  
     532         3         0         4         1         10         3         0         2         0          6         3         5         2         0          7         3        NA        3         0         NA 
     533         3         0         2         1         10         3         0         1         0          5         3         3         1         0          7         3         0         2         0          1  
     534         3         0         3         1          9         3         6         3         0         11         3         2         2         0         12         3         0         3         0          1  
     538         3         0         2         1         11         3         0         2         1      6.316         3         1         2         1         10         3         2         2         1          6  
     541         3         0         2         1          8         2         0         2         0          8         3        NA        2         0          7         3         0         3         0          7  
     543         3         0         3         1         13         3        NA        3        NA        11         3         2         3         0         21         3         2         3         0          8  
     544         2         0         4         0         16         1         0         2         0          4         3         0         3         0     10.526         1         2         3         0      5.263  
     546         3         0         3         1         32         0        NA       NA       NA        NA        0        NA       NA       NA        NA        3         0         3         1      8.421  
     547         3         0         4         0          8         0        NA       NA       NA        NA        0        NA       NA       NA        NA        0         0         2         0         NA 
     548         3         0         3         1         10         0        NA       NA       NA        NA       NA       NA       NA       NA        NA        3         0         2         0         NA 
     549         3         0         3         1     17.895         0        NA       NA        0         NA       NA       NA       NA        0         NA       NA       NA       NA        0         NA 
     554         3         0         2         1          9         0        NA        2        NA        11         1         0         2         0         12         0         0         2         0         10  
     555         3         0         3         1         24         2         0         3         0         12         2         1         2         1          4         3         0         3         1          6  
     556         1         0         4         0         22         3        NA        4        NA        26         3         6         4         0         20         2         2         4         0         12  
     562         3         1         2         1         13         3        NA        2        NA        10         3         1         2         1     16.842         0        NA       NA        0         NA 
     567         3         0         3         1         20         3         6         3         0         24         3         1         4         1         22         3         2         3         1          3  
     572         3         0         3         1         10         0         0        NA        0         NA        3         3         2         0     17.895         2         2         3         0          3  
     573         3         0         3         1         19         3         1         2         0         14         3         0         2         0         16         3         6         2         0          8  
     575         3         0         3         1         16         3        NA        4        NA    12.632         3         1         3         1          4         2         0         4         0         11  
     584         3         0         1         1          6         3        NA        2         0          7         3         1         1         0          7         3         0         2         1          0  
     589         3         0         2         1         25         2         1         3         0         26         3         1         2         1          9         3         2         2         1          0  
     590         3         0         2         1          6         3         0         2         0         24         3         1         2         0          4         3         2         2         0          4  
     596         3         1         3         1         18         2         5         2         0     18.947         3         1         2         1         11         3         6         2         1          3  
     602         3         0         3         1          7         2         2         2         0     15.789         3         0         2         1          7         3         0         2         1          0  
     603         3         0         3         1         16         3         0         2         0          8         3        NA        2        NA        13         3         0         2         0          1  
     607         3         1         4         0         21         0        NA       NA       NA        NA       NA       NA       NA       NA        NA        0        NA       NA        0         NA 
     612         3         0         3         1         16         2         0         2         0          7         2         0         2         0          6         3         0         3         1          8  
     613         3         0         3         1         20         2         0         2         1         11         3         0         1         1          5         3         0         1         1          0  
     614         3         0         3         1         25         3        NA        2        NA        15         3         0         2         1          5         3         0         3         0          2  
     616         3         0         2         1          9         3         0         1         1          4         3         0         2         1          4         3         0         1         1          0  
     629         0         0         2         0          6         0        NA       NA       NA        NA       NA       NA       NA       NA        NA        1         0         2         0          0  
     632         3         0         1         1         10         3         0         2         0          4         3         0         1         1          4         3         0         1         1          0  
     637         3         0         2         1         10         2         0         2         0         16         3         1         2         1          8         3         0         2         1      1.053  
     640         3         0         2         1         20         3         1         2         0          6         3         0         2         0         12         3         0         1         1          0  
     645         3         0         3         1         21         3         0         3         0         19         3         2         3         0         31         3         6         3         0         14  
     648         3         0         3         1          8         1         1         2         0         16         3         3         3         0         23         3         2         3         1         10  
     651         0         1         1         0          4         0        NA       NA       NA        NA        0        NA       NA       NA        NA        2        NA        2         1         NA 
     652         3         1         2         1         10         2         0         2         1         14         3         1         2         0          5         3         2         1         1          1  
     655         3         0         4         1         22         3        NA        1        NA        17         0        NA       NA       NA        NA        3        NA        2         0         NA 
     660         3         0         4         1         20         2        NA        4        NA        23         2         0         2         0          4         1         2         3         0      5.263  
     661         3         0         4         0         24         0        NA        3        NA        19         0         1         3         0     17.895         0         2         3         0          3  
     663         3         0         2         1         14         0        NA       NA       NA        NA       NA       NA       NA       NA        NA        3         0         2         0         NA 
     665         3         0         4         1         18         3        NA        4        NA         8         3         5         3         0         18         3         2         3         0          9  
     666         3         0         2         1         15         2         0         2         0         12         3         0         2         1          8         3         2         1         1          3  
     668         3         0         2         1         17         2        NA        3        NA    17.895         1         6         2         0     35.556         1         2         2         0          7  
     670         2         0         2         0         11         2         2         2         0         10         1         5         3         0         11         1         2         2         0          6  
     673         2         0        NA        0     26.316         3         0         3         0         22         2        NA        2        NA        25         3         0         3         0         12  
     677         3         0         4         1          9         2         0         3         0         13         3         0         2         0         16         2         0         3         0          9  
     678         3         0         2         1          7         3         1         2         0      2.105         3         0         2         1          4         3         0         2         1          0  
     680         3         0         1         1          7         2         2         1         0          6         3         3         1         1          6         3         2         1         1          0  
     687         3         0         1         1         17         2         0         2         0          8         3         0         2         0         12         3         2         2         1          1  
     690         1         0         3         0          8         1        NA        2         0          6         2        NA        2        NA         5         2         2         2         0          0  
     692         3         0         2         1         16         3         2         2         0         30         0         0        NA        0         NA        0        NA       NA        0         NA 
     694         3         0         3         1         28         3         0         2         0         10         3         0         2         1         19         3         0         2         1          2  
     696         3         0         2         1         13         1         2         1         0          6         3         0         2         0          8         3         0         2         0          5  
     708         3         1         2         0          5         1        NA        2        NA         5         3         0         2         0      5.263         3         2         2         0          0  
     711         3         0         3         1         17         0         0        NA        0          0        NA        1        NA        1         NA        3         2         2         1      2.105  
     729         3         0         4         1         21         2         1         2         0         10         2         0         2         0      8.421         1         2         1         0          2  
     733         3         0         3         1         28         0         1         3         0         21         0        NA       NA       NA        NA        3        NA        1         0         NA 
     743         3         0         4         1     21.053         0        NA       NA       NA        NA       NA       NA       NA       NA        NA        2        NA        4         0         NA 
     745         3         0         3         1     31.579         1         0         3         0     27.368         2         6         2         0         21         2         2         2         0          8  
