lwage1 lwage2 lwage3 lwage4 lwage5 mar1 mar2 mar3 mar4 mar5 male edu1 edu2 edu3 edu4 edu5 urb1 urb2 urb3 urb4 urb5
1.8718022 2.0349321 2.0515733 2.1154649 2.8848825 0 0 0 0 0 0 12 12 12 12 12 1 1 1 1 1
1.8405497 1.8675363 1.8792021 1.8925897 1.9589727 1 1 1 1 1 0 12 12 12 12 12 0 0 0 0 0
1.7137979 2.2725074 2.3212368 2.2868061 2.4540617 0 0 0 0 0 1 12 12 12 12 12 0 0 0 0 0
2.004179 2.0621278 2.1093929 2.2555535 2.314904 1 1 1 1 1 0 14 14 14 14 14 1 1 1 1 1
1.8702625 2.0718367 2.1975272 2.1779201 2.1853328 0 0 0 0 0 0 12 12 12 12 12 1 1 1 1 1
1.838961 1.8924096 2.1512032 2.0197248 2.2335582 1 1 1 1 1 1 10 10 10 10 10 0 0 0 0 1
1.678964 1.3442882 1.4274191 1.2061316 1.5755672 0 0 0 1 1 0 12 12 12 12 12 1 1 1 1 1
1.83737 1.829796 1.6134375 1.7169572 1.6625787 1 1 1 1 1 0 13 13 13 13 13 1 1 1 1 1
1.3217559 1.3567108 1.6280898 2.1471798 2.4357686 0 0 0 0 0 1 16 17 18 18 18 1 1 1 1 1
1.6639261 2.0802555 1.7283463 1.868132 2.1336234 0 0 0 0 0 0 12 12 12 12 12 1 1 1 1 1
2.4740143 2.242415 2.4090812 2.0137973 2.4525499 0 1 1 1 1 1 12 12 12 13 13 1 1 1 1 1
1.704748 1.373847 2.1360021 2.4353821 2.4563251 0 0 0 0 0 1 15 15 16 16 16 1 1 1 1 1
1.4770488 1.7905753 1.9382447 2.2685409 2.2732496 0 0 0 0 0 1 12 13 14 15 15 0 1 1 1 1
1.5581446 1.7019626 1.7623028 1.9958003 2.2288389 0 0 1 1 1 0 12 12 12 12 12 1 1 1 1 1
.97832614 1.0227046 2.7855425 .94216603 .6592766 0 0 0 0 0 0 14 14 14 14 14 1 0 1 0 0
2.4849067 2.3959835 2.5995572 2.1738756 2.3088088 0 0 0 0 0 1 13 14 14 15 15 1 1 1 1 1
1.3217559 1.7905753 1.6585307 2.0534294 2.3448334 0 0 0 0 0 0 16 16 16 16 16 1 1 1 1 1
1.3862944 1.1053963 1.9475348 2.0291367 2.4705415 0 0 0 0 0 0 15 15 15 15 15 1 1 1 1 1
1.5368673 1.9728968 2.0809009 1.9848446 2.0954428 0 0 0 0 0 1 13 14 14 15 16 1 1 1 1 1
2.0681279 2.1406686 2.0912519 2.5495183 2.5654464 0 0 1 1 1 1 16 16 16 16 16 1 1 1 1 1
1.6094379 1.9237065 1.6863586 2.1839564 2.1336234 0 0 0 0 0 1 12 12 13 13 13 1 1 1 1 1
2.2159374 2.2794006 2.5588212 2.6525798 2.8917317 0 0 0 0 0 0 17 18 18 19 20 1 1 1 1 1
1.2809339 1.2221205 1.4793787 1.3312947 2.2650714 0 0 0 0 0 1 9 9 9 9 9 0 0 0 0 1
2.1198635 2.0778573 2.043205 2.1869607 1.9120395 0 0 0 0 0 1 9 9 9 9 9 1 1 1 1 1
1.8325815 1.2107568 1.3981047 1.6761352 1.7426214 0 0 0 1 1 1 12 12 12 12 12 1 1 1 1 1
1.2383742 -.04200618 1.4623572 1.9811659 1.9773895 1 1 0 0 0 0 12 12 12 12 12 1 1 1 1 1
1.2725656 1.2663267 1.3702606 -.30195391 1.5791972 1 1 1 1 1 0 12 12 12 12 12 1 1 1 1 0
2.3025851 2.3513334 2.3998802 -1.1372755 2.239192 1 1 1 1 1 1 14 14 14 14 14 1 1 1 1 1
1.5789787 1.7497534 1.755923 1.7638408 1.6937543 0 1 1 1 1 0 12 12 12 12 12 1 1 1 1 1
2.0579624 1.9979146 1.9697434 2.0197248 1.8167294 0 1 1 1 1 1 12 12 12 12 12 1 1 1 1 1
2.0881534 2.093343 2.2348864 2.444699 2.8272908 0 0 0 0 1 1 16 16 16 16 16 1 1 1 1 1
1.5851452 1.6275856 1.7575219 2.0959413 2.1051254 0 0 0 0 1 1 12 12 12 12 12 1 1 1 1 1
1.6094379 2.0374353 1.4666398 1.4425203 2.0167506 0 0 0 0 0 0 12 12 12 12 12 1 1 1 1 1
1.7917595 1.6369579 1.268814 2.1626682 1.8923668 0 0 0 0 0 1 12 12 12 12 12 1 1 1 1 1
1.446919 1.0566062 1.7234 2.0372999 2.2732496 0 0 0 0 0 1 11 12 12 12 12 1 1 1 1 1
1.2383742 1.1669542 1.1902893 1.1653095 1.7034007 0 0 0 0 0 0 12 12 13 14 14 1 1 1 1 1
1.3558352 1.3317094 1.3702606 1.4425203 1.4802572 0 0 0 0 0 1 11 11 11 11 11 1 1 1 1 1
1.704748 1.7497534 1.5623384 1.7169572 1.8167294 0 0 0 0 0 0 12 12 12 12 12 1 1 1 1 1
2.2246234 2.2605789 2.4272337 2.4600368 2.5084469 1 1 1 1 1 1 12 12 12 12 12 1 1 1 1 1
2.0794415 2.2092855 2.0634079 1.9638172 2.3965478 0 0 0 0 0 1 12 12 12 12 12 1 1 1 1 1
1.5040774 1.7261435 1.1761047 1.1872884 1.4802572 0 0 0 0 0 1 12 12 12 12 12 1 1 1 1 1
1.8325815 1.6861033 1.7397938 1.7437938 1.793607 0 0 1 1 1 1 16 16 16 16 16 0 0 0 0 0
2.1690538 1.9334627 2.0809009 2.041935 2.1734042 0 0 1 1 1 0 16 16 16 16 16 1 1 1 1 1
2.2093728 2.0874152 2.216886 2.1218886 2.1941869 0 0 0 0 1 0 12 12 12 12 12 1 1 1 0 1
2.0014801 2.1695595 2.0527632 2.1218886 2.1823642 0 0 0 0 0 0 14 14 14 14 14 1 1 1 1 1
1.8718022 1.8675363 1.8505057 1.2855586 2.1336234 0 0 1 1 1 0 13 14 14 15 15 1 1 1 1 1
1.8625286 1.7613525 1.8692518 1.8777145 2.5828614 1 1 1 1 1 1 12 12 12 12 12 1 1 1 1 1
1.8325815 2.1190155 2.1205664 2.1869607 2.2410629 0 0 0 0 0 0 12 12 12 12 12 1 1 1 0 1
1.2089603 1.9728968 1.2714148 1.4938136 1.9502608 0 0 0 0 0 1 11 11 11 11 11 1 1 1 1 1
2.0693913 2.0886037 2.2259266 2.4870653 2.451036 0 0 0 0 0 1 12 12 12 12 12 1 1 1 1 1
2.1690538 2.5480111 2.2259266 2.103579 2.1083324 0 0 0 0 0 1 11 11 11 11 11 1 1 1 1 1
2.4458191 2.4029462 2.6199939 2.5355027 2.7683871 0 0 0 0 0 1 12 12 12 12 12 1 1 1 1 1
1.8640801 1.903904 1.8104113 2.2822709 2.2687144 0 0 0 0 0 1 12 12 12 12 12 1 1 1 1 1
.78390157 1.2982442 1.5929335 2.1218886 1.7034007 0 0 0 1 1 1 12 12 12 12 12 1 1 1 1 1
1.7630169 2.4003408 2.4625785 2.6847012 2.6619842 0 0 0 0 0 0 15 16 16 16 16 1 0 0 1 1
1.7491999 .87428451 1.5327796 1.4938136 1.5755672 0 0 0 0 0 1 10 10 10 10 10 1 1 1 1 1
1.704748 1.7071937 1.8194611 1.7983528 1.5755672 0 0 0 0 0 0 12 12 12 12 12 1 1 1 1 1
1.3217559 1.3811022 1.7151011 1.7008277 1.7426214 0 0 0 0 0 1 12 12 12 12 12 1 1 1 0 1
1.2809339 1.2929949 1.309636 1.307484 1.6625787 0 0 0 0 0 1 11 12 12 12 12 1 1 1 1 1
1.6094379 1.6663717 1.8649569 1.7909508 1.9185121 0 0 0 0 0 0 12 12 12 12 12 1 1 1 1 1
1.5706971 1.7563978 1.7151011 1.9588046 2.0049856 0 0 0 0 0 0 16 16 16 16 16 1 1 1 1 1
1.3862944 1.3442882 1.309636 1.503764 1.5846171 0 1 1 1 1 0 12 12 12 12 12 1 1 1 1 1
1.9344158 1.9848254 1.9180419 2.1789286 2.2786648 1 1 1 1 1 1 16 16 16 16 16 1 1 1 1 1
1.3217559 1.252721 1.5327796 2.1869607 1.8167294 0 0 0 0 0 1 12 12 12 12 12 1 1 1 1 1
1.6428727 2.1552184 2.3795059 2.3701153 2.4548168 0 0 0 0 1 1 14 14 14 14 14 1 1 1 1 1
1.6094379 1.1669542 1.6280898 1.7804952 2.0680437 0 0 0 0 0 1 12 12 13 13 13 1 1 1 1 1
1.7369512 1.8645689 1.8194611 1.7169572 2.3909321 0 0 0 0 0 1 12 12 12 12 12 1 0 0 0 1
1.446919 1.5161384 1.6280898 1.7008277 2.0856655 0 0 0 0 0 1 14 14 15 15 16 1 1 1 1 1
2.7113781 2.0424228 2.535615 2.9360156 3.0063136 1 1 1 1 0 1 12 12 12 12 12 1 1 1 1 1
1.4134231 1.7464144 1.268814 1.9650664 1.805235 0 0 0 1 1 1 12 12 12 12 12 1 1 1 1 1
.88789129 1.2472265 1.5603946 1.4938136 1.7034007 0 0 0 0 0 0 14 15 16 16 16 0 0 0 1 1
1.9657128 1.1963681 1.2583427 1.7561778 1.8167294 0 0 0 0 0 0 16 16 16 16 16 1 1 1 1 1
1.8325815 1.9237065 1.755923 2.3692825 .95262438 1 1 1 1 1 1 12 12 12 12 12 1 1 1 1 1
1.6094379 1.7106658 1.6207905 1.9242965 1.3317572 1 0 0 0 0 1 11 11 11 11 11 0 0 0 0 0
1.9035989 1.9513327 1.9382447 1.9242965 1.8655195 0 0 0 0 1 0 16 16 16 16 16 1 1 1 1 1
2.0228713 2.1717477 2.0634079 1.9982187 2.2804635 0 0 0 1 1 1 12 12 12 12 12 1 1 1 1 1
1.4350845 1.5674317 2.1861458 2.1959205 2.0283785 0 0 0 0 0 1 12 13 13 13 13 1 1 1 1 1
1.9065752 1.9662079 1.8988106 1.9550287 1.9858692 0 1 1 1 1 0 14 14 14 14 14 1 1 0 0 1
1.2527629 1.6462429 1.4274191 1.6107073 1.91074 0 0 0 0 0 1 12 12 12 12 12 1 1 1 1 1
1.3862944 1.2444679 1.5327796 1.6107073 1.6625787 0 1 1 1 1 1 8 8 8 8 8 0 0 0 0 0
1.3480731 1.2797496 1.4340637 1.5483018 1.5535077 0 0 1 0 1 1 8 8 8 8 8 1 1 1 1 1
1.2089603 1.1817694 1.8692518 1.2631418 1.4802572 0 0 0 0 0 1 12 13 13 13 13 0 0 0 1 0
2.010895 2.0523241 2.1533561 2.1143901 2.3565588 1 1 1 1 1 1 12 12 12 12 12 0 0 0 0 0
1.5892352 1.8495986 1.9774654 2.1335599 2.1823642 0 0 0 1 1 1 12 12 12 12 12 0 0 0 0 0
2.070653 2.1027548 2.3604577 2.3625934 2.5394354 1 1 1 1 1 1 17 17 17 17 17 1 1 1 1 1
2.1575594 2.1804528 2.3914411 2.0959413 2.2174213 0 0 0 1 1 0 16 16 16 16 16 1 1 1 1 1
1.3217559 1.8601013 1.8505057 2.4291222 2.5055816 0 0 0 0 0 1 14 15 15 16 16 1 1 1 1 1
1.2383742 1.1817694 2.0152056 2.0442445 2.3235469 1 1 1 1 1 1 12 12 12 12 12 1 1 1 1 1
1.2089603 1.5055563 2.1205664 1.6405079 1.6200191 0 0 0 0 0 1 12 12 12 12 12 1 1 1 1 1
1.2237755 1.0958267 1.1323019 1.2706701 .84159821 0 0 0 0 0 1 12 12 12 12 12 0 0 0 0 1
1.446919 1.274402 1.4814863 1.41909 1.684014 0 0 0 1 1 1 12 12 12 12 12 0 0 0 1 1
1.5892352 1.6350904 1.7151011 1.4938136 1.8462882 0 1 1 1 1 1 13 14 14 15 15 0 0 0 0 0
1.1939224 1.4576169 1.7951438 1.2193767 1.717698 0 0 0 1 1 0 12 14 14 14 14 1 1 1 1 1
1.8213183 1.7089313 1.5327796 1.4938136 2.1221111 1 1 1 0 0 1 12 12 12 12 12 1 1 1 1 1
2.5257287 2.1552184 1.7283463 2.2423954 2.4434314 0 0 0 0 0 1 15 16 16 16 16 1 1 1 1 1
1.5912739 2.5532484 2.6959305 2.8288147 2.9038472 1 1 1 1 1 1 12 12 12 12 12 1 1 1 1 1
1.7917595 1.3442882 1.2714148 1.1227499 1.2188923 1 1 1 0 0 0 15 16 16 16 16 1 1 1 1 1
.49469623 1.1669542 1.6280898 1.7073108 1.830914 0 0 0 0 0 1 16 16 16 16 16 0 0 0 0 0
1.166271 1.2107568 1.3343287 1.9638172 1.9502608 0 0 1 1 1 0 13 13 13 13 13 1 1 1 1 1
1.6094379 1.4327569 1.5327796 1.4938136 1.7426214 0 0 0 0 0 1 12 12 12 12 12 1 1 1 1 1
1.0402766 1.4620713 1.309636 1.3312947 2.2335582 0 0 0 0 0 1 14 15 16 16 16 1 1 1 1 1
1.3862944 1.1669542 1.1323019 3.1032515 1.3200884 0 0 0 0 0 0 12 13 14 14 15 1 1 1 1 1
1.8809906 1.62192 1.8890544 2.0114162 1.6077704 0 0 0 0 1 0 16 16 16 16 16 0 0 0 1 1
2.2512918 2.2092855 2.2794676 2.5248606 2.3565588 0 0 0 0 0 1 16 16 16 16 16 1 1 1 1 1
1.7664417 1.8526107 1.8299168 1.993376 1.9287817 0 0 0 0 0 1 16 16 16 16 16 1 1 1 1 1
1.6094379 1.7244354 1.3935175 1.6422336 1.8167294 1 1 1 1 1 0 12 12 12 12 12 1 1 1 1 0
1.975469 2.0056868 2.0762661 2.484098 2.2732496 1 1 1 1 1 0 12 12 12 12 12 1 1 1 1 1
2.0149031 2.0374353 2.631392 2.3701153 2.8020129 0 0 0 0 1 1 12 13 13 14 14 1 1 1 1 1
1.6620303 1.6717918 1.6708008 1.7169572 1.6474651 1 1 1 1 1 0 9 9 9 9 9 1 1 1 1 1
1.8325815 1.812728 1.8649569 1.8992788 1.8857223 1 1 1 1 1 0 12 12 12 12 12 1 1 1 1 1
2.3272777 2.2695386 2.2991772 2.5198553 2.5098765 0 0 0 0 0 0 16 16 16 16 16 1 1 1 0 1
1.0188473 1.3112483 1.755923 1.9320686 2.2288389 0 0 0 0 0 1 16 16 16 16 16 1 1 1 1 1
-.051293306 .062353875 .61648881 1.1198472 -.60721654 0 0 0 0 0 0 9 9 9 9 9 1 1 1 1 1
1.3862944 1.4620713 1.5327796 1.5520825 1.7426214 0 0 0 0 0 0 12 12 13 14 14 1 1 1 1 1
1.2669476 1.0192504 1.5327796 1.2453523 1.3925182 0 0 0 0 0 0 10 10 10 10 10 1 1 1 1 1
1.0647107 1.2929949 1.1902893 1.4654142 1.4802572 0 0 0 0 0 1 12 12 12 12 12 1 1 1 1 1
1.8309802 1.8511058 1.1323019 .51031411 .56396639 0 1 1 1 1 0 12 12 12 12 12 1 1 1 1 0
1.6094379 1.6425393 1.7151011 1.7561778 1.8109987 1 0 0 0 0 0 8 8 8 8 8 1 1 1 1 1
1.6389967 2.068207 2.0491896 2.0904498 2.1734042 0 0 0 0 0 0 16 16 16 16 16 1 1 1 1 1
1.2089603 1.4796928 1.3842795 2.2165196 2.3565588 0 0 0 0 0 0 14 15 15 16 16 1 1 1 1 1
1.8718022 1.9389954 2.0634079 2.2357509 2.3738933 1 1 1 1 1 1 12 12 12 12 12 0 0 0 0 0
1.9987737 2.2605789 2.4490702 2.5155449 2.5303793 0 0 0 0 1 1 17 18 19 19 19 1 1 1 0 1
1.8900954 1.8763859 2.0809009 2.2868061 2.3218243 1 1 1 1 1 1 14 14 14 14 14 0 0 0 0 1
1.508512 1.7497534 2.0634079 1.9638172 2.2687144 0 0 0 0 0 1 12 12 12 12 12 1 1 1 1 1
2.1400661 2.2249517 2.3613315 2.4101043 2.5191195 0 0 0 0 0 0 14 14 14 14 14 1 1 1 1 1
1.975469 1.7744459 2.368294 2.1959205 2.3965478 0 1 1 1 1 1 13 13 13 13 13 1 1 0 0 0
1.658228 .75098634 1.6171207 1.8570669 1.853199 0 0 0 1 1 0 17 18 18 18 18 1 1 1 1 1
1.446919 1.5872343 2.0992291 1.6370478 2.3235469 0 0 0 0 0 1 14 15 15 15 15 1 1 1 1 1
1.6601311 2.221838 1.4274191 1.6959378 1.5290473 0 0 0 0 1 1 12 12 12 12 12 1 1 1 1 1
1.5432981 1.9458681 1.755923 1.1513232 1.6675662 1 1 1 1 1 0 16 16 16 16 16 1 1 1 1 1
1.9198595 2.0374353 2.1490457 2.2868061 1.9515101 0 0 0 0 0 1 8 8 8 8 9 1 1 1 1 1
1.2089603 1.511919 1.6317195 1.6248418 1.6921375 0 0 0 0 0 0 11 11 11 11 11 1 1 1 1 1
1.7404661 2.0706284 2.0395973 2.4101043 1.7049994 1 1 1 0 0 1 12 12 12 12 12 1 0 0 0 0
1.704748 1.5266098 1.8848439 1.8653772 1.9502608 0 1 1 1 1 0 14 14 14 14 14 1 1 1 0 1
1.3862944 2.0374353 .43015921 2.024442 2.0283785 1 0 1 1 0 0 15 15 15 15 15 1 0 0 1 1
1.2089603 1.2797496 1.309636 1.131408 1.5290473 0 0 0 0 1 0 12 12 12 12 12 1 1 0 0 0
1.2499018 1.2824128 1.3245246 1.3568478 1.3726718 0 0 0 0 0 0 14 14 15 15 15 1 1 1 1 1
1.2089603 1.1669542 1.309636 1.3682504 1.3748966 0 0 0 0 0 1 14 14 14 14 14 0 0 0 0 1
1.8325815 2.0133989 2.2506194 2.3980317 2.6038873 0 0 0 0 0 0 17 17 17 18 18 1 0 0 0 1
1.6389967 1.7662826 1.1761047 1.093336 1.9676094 1 1 1 1 1 1 12 12 12 12 12 0 0 1 0 0
2.0149031 2.0778573 2.35344 2.9207699 3.089695 0 0 0 0 0 1 16 16 16 16 16 1 1 1 1 1
1.5040774 1.4620713 1.3702606 2.523433 2.1734042 1 0 0 0 0 1 9 9 9 9 9 1 1 1 1 1
1.6658182 1.7175745 1.8649569 1.7834936 1.8124344 0 0 0 0 1 0 12 12 12 12 12 0 0 0 0 0
1.2669476 1.2797496 1.5084869 2.2859008 1.6303998 0 0 0 0 0 0 14 15 16 16 16 1 1 1 1 1
.91629076 1.1669542 1.575839 1.5330342 2.3235469 0 0 0 0 1 1 15 15 15 15 15 1 1 1 1 1
1.7917595 1.7071937 1.8328842 1.5520825 2.0398729 0 0 0 0 0 1 12 12 12 12 12 1 1 1 0 1
1.6094379 1.5674317 1.9382447 1.9242965 1.8857223 1 1 1 1 1 1 14 15 16 16 16 0 0 1 0 1
1.3862944 1.4840502 1.6189573 1.7714454 1.937682 0 0 0 0 0 1 12 12 12 12 12 1 1 1 1 1
1.9344158 2.0897906 2.5588212 2.3371034 2.6346195 0 0 0 0 0 0 12 12 12 12 12 1 1 1 1 1
2.095561 2.0374353 2.1746335 1.9638172 1.9502608 0 0 0 0 0 1 11 11 11 11 11 1 1 1 1 1
1.3862944 1.5674317 1.5327796 1.2706701 2.1377771 0 0 0 0 0 1 13 14 15 16 17 1 1 1 0 1
1.5368673 1.3442882 1.4709041 1.4319382 1.9502608 0 0 0 0 0 0 7 7 7 7 7 1 1 1 1 1
1.2527629 1.4927082 1.5815697 1.2061316 1.2769163 0 0 1 0 0 1 8 8 8 8 8 0 0 0 0 0
1.2947272 1.308661 1.6585307 1.5999738 1.6200191 0 0 0 1 1 0 11 12 12 12 12 1 1 1 1 1
2.7574751 2.7613542 2.6871419 3.1032515 2.5788693 0 0 0 0 0 1 12 12 12 12 12 1 1 1 1 1
2.7258902 2.5066574 2.4049094 2.0816002 2.928587 0 1 1 1 0 1 12 12 12 12 12 1 1 1 1 1
1.7173951 1.7662826 1.8519603 1.9550287 1.8124344 1 1 1 1 1 0 13 13 13 13 13 1 1 1 1 1
1.6428727 1.7175745 1.894641 2.041935 1.754854 0 0 1 1 0 0 13 13 13 13 13 1 1 1 1 1
2.465554 2.5027404 2.5230639 2.5362082 2.5359619 1 1 1 1 1 0 16 16 16 16 16 1 1 0 0 0
1.9065752 1.9979146 1.9315556 1.7121456 2.2687144 0 0 1 1 1 1 12 12 13 13 14 1 1 1 1 1
1.8531681 1.9237065 1.755923 1.8992788 1.3748966 1 1 0 1 0 0 7 7 7 7 7 0 0 1 1 1
1.3987169 1.4508978 1.5796632 1.6761352 1.7654362 0 0 0 0 0 0 12 12 12 12 12 1 1 1 1 1
2.004179 1.9223051 2.1746335 2.9487007 2.955935 1 1 1 1 1 1 12 12 12 12 12 0 0 0 0 1
1.2089603 1.2107568 1.755923 1.6761352 .91109598 0 0 0 0 0 1 14 14 14 14 14 1 1 1 1 1
.44468579 1.7244354 1.7812009 1.5483018 2.0085297 1 1 1 1 1 0 12 12 12 12 12 1 1 1 1 1
1.2809339 1.5492676 1.7966812 1.7185559 1.7049994 0 0 0 0 1 1 12 12 12 12 12 1 1 1 0 0
2.1690538 2.1880083 2.5588212 1.3568478 .23546237 0 1 1 1 1 0 12 12 12 12 12 1 1 1 1 1
1.3350011 1.3317094 1.4049462 1.2376301 1.2571136 1 1 1 1 1 0 12 12 12 12 12 0 1 1 1 1
.91629076 .99117833 1.2450975 1.3098907 1.4802572 0 0 0 0 0 1 10 10 10 10 10 1 1 1 1 1
1.3350011 1.8571118 1.9736118 2.0361381 2.0225813 0 0 0 0 0 1 12 12 12 12 12 1 1 1 1 1
2.2038691 1.6443928 1.755923 1.8259909 2.1008337 1 1 1 1 1 0 12 12 12 12 12 1 1 1 1 1
1.2089603 1.2107568 1.1323019 1.093336 1.2188923 0 0 0 0 0 0 12 13 14 15 16 1 1 1 1 1
1.329724 1.9728968 2.1349075 2.0959413 2.3200986 0 0 1 1 1 0 16 16 16 16 16 1 1 1 1 1
1.8325815 1.8420286 1.8446664 1.8570669 1.8462882 0 0 0 1 0 1 12 12 12 12 12 1 1 1 1 1
2.0794415 2.0374353 2.0923953 2.0534294 2.1480865 0 0 1 1 1 0 14 14 14 14 14 1 1 1 1 1
1.6094379 1.6843255 2.0027833 2.0090296 2.1008337 1 1 1 0 0 0 12 12 12 12 12 1 1 1 1 1
1.5040774 2.3045957 2.3248668 1.6761352 2.3957477 0 0 0 0 0 1 10 10 12 12 12 1 1 1 1 1
1.6094379 1.5674317 2.0176718 2.0534294 2.4411387 0 0 0 0 0 1 12 12 12 12 12 1 1 1 1 1
1.5727739 1.3442882 1.309636 1.2706701 1.4802572 1 1 0 1 1 0 5 5 5 5 5 1 1 1 1 1
1.6094379 1.7497534 2.0809009 2.3267229 2.5275762 0 0 0 0 1 1 12 12 12 12 12 1 1 1 1 1
1.6956155 1.4620713 1.5720003 1.7561778 1.9502608 0 0 0 0 0 0 13 14 14 14 14 1 1 1 1 1
1.5475625 1.5674317 1.8692518 2.1869607 1.5404111 1 1 1 1 1 0 16 16 16 16 18 1 1 1 1 1
1.5151273 .66109133 1.6280898 1.6422336 1.6217567 0 0 0 0 1 0 13 13 13 13 13 1 1 1 1 1
2.1186621 -.25272718 2.0809009 2.2859008 .044772539 0 0 0 1 1 0 12 12 12 12 12 1 1 1 1 1
1.2029723 1.5674317 1.8692518 1.5891238 1.6625787 0 0 0 0 0 1 12 12 12 12 12 1 1 1 1 1
1.5129271 1.7497534 .9239735 1.8012984 1.9502608 0 0 0 0 0 0 14 15 16 16 16 1 1 1 0 1
1.3217559 2.1270475 1.9787467 2.5585244 2.4357686 0 0 0 0 0 0 13 13 13 13 13 1 1 1 1 1
1.6094379 1.7071937 1.8692518 1.6761352 1.6625787 0 0 0 0 0 1 12 12 12 12 12 1 1 1 1 0
1.3862944 1.3665389 1.7151011 1.4797146 1.1845429 0 0 0 0 1 1 12 12 12 12 12 1 1 1 1 1
1.7491999 1.7563978 1.6496732 1.6353133 1.8923668 1 1 0 0 0 0 10 10 12 12 12 1 1 1 1 1
1.8325815 1.6663717 1.9632624 1.9164636 1.8923668 0 1 1 0 0 0 13 13 14 15 15 1 1 1 1 1
1.446919 .79956096 1.4602089 1.6959378 1.8614296 0 0 0 1 0 0 12 12 12 12 12 1 1 1 0 1
1.9459101 1.255457 1.4602089 1.9945889 2.1902614 0 1 0 0 1 0 13 13 13 13 13 1 1 1 1 1
1.2527629 1.6124051 1.6829221 1.7909508 2.050106 0 0 0 0 1 0 15 16 17 17 17 1 1 1 1 1
1.4678744 2.0374353 1.7951438 2.024442 2.1734042 1 1 0 1 0 1 10 10 10 10 10 1 1 1 1 1
1.3862944 1.3442882 1.309636 1.3499433 1.1925751 0 0 0 0 0 0 12 12 12 12 12 1 1 1 1 1
1.8325815 2.1372807 -.076658361 2.3047438 2.3965478 1 0 0 1 1 0 12 12 12 12 12 1 1 1 1 1
1.8245493 1.8389844 1.8548632 1.7909508 1.7773943 1 1 1 1 1 0 12 12 12 12 12 0 0 0 0 0
1.446919 1.4620713 1.5227292 1.5136162 1.5000597 0 0 0 0 0 1 12 12 12 12 12 0 0 0 0 0
1.178655 1.9403737 2.0634079 1.8992788 1.8857223 0 0 0 0 1 0 12 12 12 12 12 0 0 0 0 0
1.8718022 2.0286469 2.6564097 2.6329279 2.6576805 0 0 0 1 1 1 12 12 12 12 12 0 0 0 0 0
1.4632554 2.0778573 2.0027833 1.5891238 2.1734042 0 0 0 1 1 1 14 14 14 14 14 0 1 1 1 1
1.2527629 .46481144 1.2714148 1.481741 1.3247722 0 0 0 0 0 0 13 14 15 16 16 0 0 0 0 0
1.6094379 1.899609 1.6948984 2.0476987 2.3965478 0 0 0 0 0 0 16 16 16 16 16 1 1 0 0 1
1.474763 1.5012919 1.2894334 1.5744715 1.5460448 0 0 0 0 0 0 12 12 12 12 12 1 1 1 1 1
1.9892433 2.0185072 2.2766199 2.4493251 2.7163098 1 1 1 1 1 1 13 13 13 13 13 0 0 1 1 1
1.0750024 1.2050261 1.5125768 1.5836543 1.6491556 1 1 1 1 1 0 16 16 16 16 16 1 1 0 0 0
1.5040774 1.5161384 1.4793787 2.1869607 2.3730745 0 0 0 0 0 1 14 15 16 17 18 1 1 1 1 1
2.0399208 1.7873702 1.7812009 2.0636625 2.1336234 0 1 1 1 1 1 16 16 16 16 16 1 1 1 1 1
1.0152307 1.0123057 1.2316744 1.3194602 .88242006 1 1 1 1 1 0 12 12 12 12 12 0 0 0 0 0
1.1410331 1.6181248 1.1559019 1.5707747 .78710997 0 0 0 0 1 0 11 11 11 11 11 0 0 0 0 0
1.5040774 1.6162219 1.6041695 1.6335756 1.7065955 0 0 1 1 1 0 16 16 16 16 16 1 1 1 1 1
1.4996231 1.7019626 1.6742791 1.6844339 1.7255535 1 1 1 1 1 0 13 13 13 13 13 0 0 0 0 0
1.5040774 1.6443928 1.7397938 1.9638172 1.9712881 0 1 1 1 1 0 13 14 14 14 14 0 0 0 0 0
1.3737156 1.2797496 1.5327796 1.6694461 1.6217567 0 0 0 0 0 0 17 17 17 17 17 0 0 0 0 0
1.974081 1.7071937 1.8988106 1.9638172 1.8462882 0 0 1 1 1 1 12 12 12 12 12 0 0 0 0 0
.63127178 1.160966 .94218898 1.2830926 .83780313 0 0 0 0 0 1 14 14 14 14 14 0 0 0 0 0
1.3862944 1.1669542 1.309636 1.8302858 1.8857223 0 0 0 0 0 0 14 14 14 14 14 0 0 0 0 0
1.7917595 1.7158518 1.9315556 2.024442 2.2288389 0 0 0 0 0 0 15 15 15 15 15 0 0 0 0 0
1.6094379 1.7695559 1.8635211 1.92819 2.0132356 1 1 1 1 0 0 12 12 12 12 12 0 0 0 0 0
1.6094379 1.2107568 2.2259266 2.1869607 2.1336234 0 1 1 1 1 1 12 12 12 12 12 0 0 0 0 0
2.0943301 1.7905753 1.8692518 1.7561778 1.937682 1 1 1 1 1 1 13 13 13 13 13 0 0 0 0 0
1.1410331 1.0566062 1.1323019 1.8992788 2.198097 0 0 0 0 0 1 13 14 15 16 16 1 1 1 1 1
1.427916 1.5266098 1.4072163 1.4654142 1.4802572 0 0 0 0 1 0 13 13 14 14 14 0 0 0 0 0
1.5151273 1.6162219 1.5815697 1.659328 1.7426214 1 1 0 0 0 0 12 12 12 12 12 0 0 0 0 0
1.7544037 2.3112721 2.7114346 2.7465765 2.6552131 1 1 1 1 1 0 14 14 14 14 14 0 0 0 0 0
1.5040774 1.9728968 1.755923 1.6694461 1.7639312 0 0 0 0 0 0 12 12 12 12 12 0 0 0 0 0
1.8325815 1.8675363 1.8692518 1.7561778 1.7773943 1 1 1 0 1 1 12 12 12 12 12 0 0 0 0 0
1.3862944 1.3442882 1.4666398 1.2061316 1.3748966 0 0 0 0 0 0 12 12 12 12 12 0 0 0 0 0
.95935017 1.4049128 1.0611746 1.4938136 1.1062907 0 0 0 0 0 0 9 9 9 9 9 1 1 1 1 1
1.2089603 1.1669542 1.1323019 1.6827797 1.7081892 0 0 0 1 1 1 12 12 12 12 12 1 1 1 1 1
1.7766458 1.5266098 1.755923 1.9085687 1.7034007 0 0 0 0 0 0 12 12 12 12 12 1 1 1 1 1
0 1.5451862 1.5105339 1.5539676 1.5935858 1 1 1 1 1 0 6 6 6 6 6 1 1 1 1 1
1.178655 1.1669542 1.1323019 1.093336 1.1655464 0 0 0 0 0 0 12 13 14 14 15 1 1 1 0 0
1.6094379 2.4029462 2.258394 2.3371034 1.4289639 1 1 1 1 1 0 16 16 16 16 16 0 0 0 0 0
1.3217559 1.7089313 1.6948984 1.8115398 1.6625787 0 0 0 0 1 1 12 12 12 12 12 1 1 1 0 1
1.5260563 1.6627419 1.5815697 2.041935 1.4394352 0 0 0 0 0 0 16 16 16 16 16 1 1 1 1 0
1.5040774 1.7497534 1.5327796 1.7939181 1.8238468 0 0 0 0 1 1 12 12 12 13 13 1 1 0 1 1
-1.0788096 1.5533328 1.54273 1.6035645 1.5366375 1 0 0 0 0 0 12 12 12 12 12 1 1 0 0 0
1.974081 2.0596859 2.3139377 2.3379638 2.4742494 0 0 0 0 0 1 13 13 13 13 13 1 1 1 1 1
1.9657128 2.2113888 2.4490702 2.2886143 2.2668946 0 0 0 0 0 1 10 10 10 10 10 1 1 1 1 1
1.5040774 1.5161384 1.5623384 1.0630306 1.1925751 0 0 0 0 0 1 9 9 9 9 9 1 1 1 1 1
1.6826884 1.7363303 1.7905177 1.9268939 1.9882789 1 1 1 1 1 0 12 12 12 12 12 1 1 1 1 1
1.9459101 2.1316085 2.1913352 2.2555535 2.3079352 0 0 0 1 1 0 16 16 16 16 16 1 1 1 0 0
1.7263316 .82088369 1.5584474 1.7169572 1.7699372 0 0 0 0 0 0 14 14 14 14 14 1 1 1 1 1
1.7917595 2.1955068 2.1205664 2.1356676 2.3965478 1 1 0 0 0 1 12 12 12 12 12 1 1 1 1 0
1.4182774 1.5674317 1.6280898 1.8667555 1.9502608 1 1 1 1 1 1 12 12 12 12 12 1 1 1 0 1
-.77652878 1.1669542 1.1761047 1.1371386 1.1925751 0 0 0 0 0 0 12 12 12 12 12 0 0 0 1 1
1.7917595 2.0374353 2.1205664 2.0816002 2.1221111 1 1 1 0 0 1 12 12 12 12 12 1 1 1 1 1
1.6695918 1.6350904 1.6496732 1.7008277 1.7379954 1 1 1 1 1 0 12 12 12 12 12 1 1 1 1 1
1.6094379 1.4796928 1.5327796 1.4633543 1.3881419 1 1 1 1 1 1 12 12 12 12 12 0 0 0 0 0
2.6026897 2.5434997 2.3356776 2.1143901 1.3859465 1 1 1 1 1 1 16 17 18 19 20 1 1 1 1 1
1.7917595 1.6162219 1.7151011 1.7169572 1.7426214 1 1 1 1 1 0 12 12 12 12 12 0 0 0 0 0
1.7351891 1.5872343 1.7511115 1.9242965 1.9477576 0 0 0 1 1 0 14 14 14 14 14 0 1 1 1 1
1.2089603 1.7497534 1.8974227 1.9650664 1.9515101 0 1 1 1 1 1 14 15 16 16 17 1 1 1 1 1
1.8809906 1.8420286 2.0311277 2.5198553 2.322686 1 1 1 1 1 1 12 12 12 12 12 1 1 1 1 1
1.704748 1.7613525 1.9382447 1.7437938 2.0834796 0 0 0 0 1 0 12 12 12 12 12 0 0 0 0 0
2.3513753 2.3951099 2.4090812 2.4101043 2.4705415 1 1 1 1 1 1 13 13 13 13 13 0 0 0 0 0
1.6094379 .65114099 1.5327796 1.4425203 1.5755672 0 0 0 0 0 1 11 11 11 11 11 0 0 0 0 0
1.2089603 1.1669542 1.1323019 1.2453523 1.6625787 0 0 0 0 0 1 12 13 14 15 15 1 1 1 1 0
1.9459101 1.903904 1.8692518 1.8302858 1.6147879 0 0 0 0 0 1 12 12 12 12 12 0 1 1 1 0
1.2089603 1.1963681 1.161716 1.1513232 1.1405797 1 1 1 1 1 0 12 12 12 12 12 0 0 0 0 0
1.8500284 1.8032941 1.7951438 1.8374033 1.8124344 0 0 1 1 1 0 12 12 12 12 12 0 0 0 0 0
1.2527629 1.0566062 1.4602089 1.557727 1.3748966 1 1 1 1 1 0 12 12 12 12 12 0 0 0 0 0
1.2383742 1.1366488 1.7462767 1.879076 1.9700634 0 0 1 1 1 1 14 14 14 14 14 0 0 0 0 0
1.9768549 2.0921602 1.9736118 2.3499296 2.3157716 1 1 1 1 1 1 12 12 12 12 12 0 0 0 0 0
1.2669476 .93255353 1.1761047 .80066639 1.0797796 0 0 0 0 0 0 12 12 12 12 12 0 0 0 0 0
1.327075 2.093343 1.911216 1.8817934 1.8857223 1 1 1 1 1 1 16 16 16 16 16 0 0 0 0 0
1.2296406 1.4395984 1.4814863 1.5233724 1.5098161 0 0 1 1 1 1 12 12 12 12 12 0 0 1 1 1
2.0794415 1.2929949 1.5447081 1.8259909 1.8124344 0 0 1 1 1 0 13 13 13 13 13 1 1 1 1 1
1.9473377 2.0486226 2.0843632 1.8992788 1.9015956 1 1 1 1 1 0 16 16 16 16 16 1 1 1 1 1
1.2089603 1.5833051 1.5486529 1.5652035 1.0494742 0 0 0 0 0 1 12 12 12 12 12 0 1 1 0 1
1.137833 1.1669542 1.1323019 1.8027678 2.3965478 0 0 0 0 0 1 12 13 14 15 16 0 0 0 0 1
1.3110319 1.4119469 2.0027833 2.1869607 2.2687144 0 0 0 0 0 0 14 15 16 17 18 1 1 1 1 1
1.3862944 1.3689808 1.4772669 1.4104319 1.4802572 0 0 0 0 0 1 12 12 12 12 12 0 0 0 1 1
1.658228 1.7497534 1.7151011 1.7909508 1.3455822 1 1 1 1 1 1 12 12 12 12 12 0 0 0 0 0
1.2089603 1.1669542 1.1323019 1.093336 1.0797796 0 1 1 1 1 0 12 12 12 12 12 0 0 0 0 0
2.1222615 2.3188479 2.2841957 2.2822709 1.9930807 1 1 1 1 1 1 11 11 11 12 12 0 0 0 0 0
1.7917595 .76446968 1.7951438 1.7561778 .56396639 1 1 1 1 1 1 12 12 12 12 12 0 0 0 0 0
2.1972246 1.3442882 2.2747169 1.9848446 1.8167294 0 0 1 1 1 1 12 12 12 12 12 0 0 0 0 0
1.510722 1.7175745 1.7997487 1.9242965 1.995473 0 0 0 0 0 1 16 16 16 16 16 1 1 1 0 0
1.1969482 1.1669542 1.2583427 1.2453523 1.3455822 1 1 1 1 0 1 9 9 9 9 9 1 1 1 1 1
1.2089603 1.2107568 1.3391948 1.2061316 1.3748966 1 1 1 1 1 0 12 12 12 12 12 1 1 1 1 1
1.3217559 1.3442882 1.4274191 1.388453 1.3748966 0 0 1 1 1 1 8 8 8 8 8 1 1 1 1 1
2.6390574 2.5963366 2.6498864 2.7069442 2.7488935 0 0 0 0 0 1 15 15 15 15 15 1 1 1 1 1
1.6563214 1.6162219 1.4493979 1.4938136 2.2058713 1 1 1 1 1 1 18 18 18 19 19 1 1 1 1 1
1.541159 .93631995 1.018615 -.0022956235 1.0797796 1 1 1 1 1 0 9 9 9 9 9 1 1 1 1 1
1.2527629 1.2797496 1.2450975 1.5520825 1.2188923 0 0 0 1 0 1 12 12 12 12 12 1 1 1 1 1
.98954123 -.38449648 1.5267614 1.4938136 1.4802572 0 0 0 0 1 1 11 12 12 12 12 0 0 0 0 0
1.8325815 1.3442882 1.1323019 1.4938136 1.3748966 1 1 1 1 1 1 9 9 9 9 9 0 0 0 0 0
-.094310649 1.4049128 1.1646103 1.0475265 1.3748966 0 0 0 0 0 0 14 14 15 15 15 0 0 0 0 0
1.4374627 1.4862217 1.4515694 1.229848 1.3455822 1 1 1 1 1 0 12 12 12 12 12 0 0 0 0 0
1.3217559 1.373847 1.309636 1.5707747 1.2571136 1 1 1 1 1 0 12 12 12 12 12 0 0 0 0 0
1.8325815 1.5182415 1.7151011 1.7561778 1.2571136 0 0 0 0 0 1 12 12 12 12 12 0 0 0 0 0
2.6026897 2.0374353 2.3613315 2.3223653 2.3157716 1 1 1 1 1 1 14 14 14 14 14 0 0 0 0 0
1.3428648 1.0227046 1.6335294 1.8115398 2.3473575 1 1 0 0 0 1 7 7 7 7 7 0 0 0 0 0
1.9459101 1.3112483 2.1205664 1.2706701 2.0680437 1 1 1 1 1 1 12 12 12 12 12 0 0 0 0 0
1.6389967 1.5674317 1.0219539 2.0636625 2.6838298 0 0 0 0 0 1 12 12 12 12 12 0 0 0 0 0
1.3217559 1.494861 1.6863586 2.3267229 1.4802572 0 0 0 0 1 1 14 14 14 14 14 0 0 0 0 0
1.9387417 1.3442882 1.1323019 1.7484558 1.7348993 0 1 1 1 0 1 11 11 11 12 12 1 1 1 1 1
1.9810015 1.7497534 2.3795059 1.7422349 1.7271173 0 0 0 0 0 1 12 12 12 12 12 0 1 1 1 1
1.7227666 2.0082641 1.6280898 1.4938136 1.7426214 1 1 1 1 1 1 11 11 11 11 11 0 0 0 0 0
1.3862944 1.039799 1.5043801 1.4016984 1.3432913 0 0 0 0 0 0 12 12 12 12 12 0 0 0 0 0
.22314355 -.32968822 1.1323019 1.2706701 1.0086522 1 1 1 1 1 0 12 12 12 12 12 1 0 0 0 0
1.258461 1.4235613 1.7332684 1.6439562 1.2571136 0 0 0 0 1 0 12 12 12 12 12 1 1 1 1 1
1.2527629 1.1729065 1.2450975 1.3359895 1.8518207 0 0 0 0 0 1 11 11 11 11 11 1 1 1 1 1
1.7227666 1.7497534 1.8988106 1.9242965 2.3565588 0 0 1 1 1 0 14 15 16 16 16 1 1 1 1 1
1.9947003 .93631995 1.8149465 1.2061316 .90043861 0 1 1 1 1 0 12 12 12 12 12 1 1 1 1 1
1.2669476 1.2249414 1.7951438 1.8302858 2.0398729 0 0 0 0 0 0 12 12 12 12 12 1 1 1 0 1
1.9315214 1.9728968 1.8194611 1.8667555 2.0038016 1 1 0 0 0 1 13 13 14 15 15 1 1 1 1 1
2.1747518 2.1224656 1.7151011 1.7561778 1.9651494 1 1 1 1 1 0 12 12 12 12 12 1 1 1 1 1
2.3978953 2.4940689 2.5429249 1.6761352 2.5788693 0 0 1 1 1 0 12 12 12 12 12 1 1 1 1 1
1.453953 1.4049128 1.9736118 2.3767543 2.3689711 0 0 0 0 0 1 14 15 16 16 16 1 1 1 1 1
1.2527629 1.1669542 1.1323019 1.093336 1.91074 0 0 0 0 0 0 12 13 14 15 16 0 0 0 0 1
2.0175662 2.0056868 2.2747169 1.6542302 1.8790332 0 0 0 0 0 1 14 15 16 16 16 1 1 1 1 1
2.141242 2.0992358 2.2889016 2.319742 2.3061855 1 1 1 1 1 0 12 12 12 12 12 1 1 1 1 1
1.6094379 1.3034662 2.0335548 1.8992788 2.3157716 0 0 0 0 1 1 12 12 12 12 12 1 1 1 1 1
1.742219 1.9728968 2.1403689 .41500399 1.6217567 0 0 0 0 0 0 13 13 13 13 13 1 1 1 1 0
1.6094379 1.7905753 1.5327796 1.7909508 1.8655195 0 0 0 0 0 1 12 12 12 12 12 1 1 1 1 1
1.6695918 1.7497534 1.755923 1.6761352 1.6625787 0 0 0 0 0 1 10 10 10 10 10 1 1 1 1 1
1.6094379 2.408999 2.3056617 1.7804952 1.6372608 0 0 0 0 0 1 14 14 15 15 16 1 0 1 0 1
1.8325815 1.6536094 1.9382447 2.0042391 2.259582 0 1 1 1 1 0 16 16 16 16 16 1 1 1 1 1
1.8245493 1.4418685 1.8749498 1.388453 2.0954428 0 0 0 0 0 0 12 12 12 12 12 1 1 1 1 1
2.465554 2.5397248 2.7021608 2.7069442 2.9449005 0 0 0 0 0 1 16 16 16 16 16 0 0 0 0 1
1.7263316 1.631345 1.5525823 1.2706701 1.3011304 0 0 0 0 0 0 15 15 15 15 15 1 1 1 1 0
1.5040774 1.5674317 1.3391948 1.9787058 1.8857223 0 0 0 0 0 1 12 12 12 12 12 1 1 1 1 1
2.2181158 2.2187147 2.2747169 2.30652 2.3828545 1 1 1 1 1 0 12 12 12 12 12 1 1 1 1 1
1.2947272 .87428451 .9565261 1.2453523 1.0797796 0 0 1 1 1 1 10 10 10 10 10 1 1 1 1 1
1.3454723 1.6843255 1.718429 1.7864832 1.7348993 1 1 1 1 1 0 12 12 12 12 12 1 1 1 1 1
1.2947272 1.2249414 1.5910485 1.2706701 1.3059037 0 0 0 0 0 0 11 11 11 11 11 1 1 1 1 1
.62593842 1.7905753 2.2148659 2.5039589 2.5755305 0 0 0 1 1 0 15 16 16 16 16 1 1 1 1 1
2.3978953 2.3338294 2.4090812 2.5529919 2.6346195 0 1 0 0 0 1 16 16 17 18 18 1 1 1 1 1
1.7316556 1.7497534 1.8104113 1.8388207 2.488215 0 0 0 0 0 1 12 12 12 12 12 0 0 0 1 1
2.1972246 2.4235477 2.3499126 2.457751 2.4969361 1 1 1 1 1 1 13 13 13 13 13 1 1 1 1 1
1.8961195 1.8435472 1.8328842 2.0816002 2.0691543 0 0 0 0 0 0 15 16 16 16 16 1 1 1 1 1
2.2115657 2.093343 2.1305165 2.3293281 2.6838298 0 0 0 0 0 1 16 16 16 16 16 1 1 1 1 1
1.8325815 1.673592 2.2259266 2.3625934 2.3490369 0 0 0 0 1 1 16 16 16 16 16 1 1 1 1 1
1.0986123 1.5055563 1.5584474 1.9638172 2.1734042 0 0 0 0 0 1 15 16 16 16 16 1 1 1 1 1
2.4194789 2.9144654 2.8798132 1.4016984 1.7773943 0 1 1 1 0 1 17 18 19 20 20 1 1 1 1 1
1.7917595 1.2663267 1.1761047 1.3568478 1.3903325 0 0 0 0 0 0 13 13 13 13 13 1 1 0 0 0
1.5040774 1.5674317 1.6760137 1.8115398 2.1083324 0 0 0 1 1 1 12 12 12 12 12 0 0 0 0 0
1.3862944 .99117833 1.309636 1.6107073 1.4394352 1 1 1 1 1 0 12 12 12 12 12 1 1 1 1 1
1.3862944 1.1669542 1.0219539 2.1869607 1.7669387 0 0 0 0 0 0 12 13 14 15 16 1 1 1 0 0
1.6389967 1.9334627 1.7717965 1.9848446 2.0680437 0 0 0 0 0 1 14 14 14 14 14 0 0 0 0 1
1.3862944 1.9334627 1.972324 1.9885098 2.0061684 0 0 0 0 0 1 12 13 14 15 16 1 1 1 1 1
2.3025851 1.4327569 1.1323019 1.3098907 1.8167294 0 0 0 0 0 0 12 12 12 12 12 1 1 1 1 0
1.2089603 1.1876345 1.1019967 1.3545516 1.7669387 0 0 0 0 0 1 15 16 17 17 17 1 1 1 1 1
1.3217559 1.3034662 1.6742791 1.4938136 2.0768933 0 0 0 0 0 0 13 14 15 16 16 1 1 1 1 1
1.2527629 1.2797496 1.2970573 1.4633543 1.5385261 0 0 0 0 0 0 14 14 14 14 14 1 1 1 1 1
.69314718 .92877281 2.8137136 2.8801079 2.3278406 0 0 0 0 0 1 16 16 17 18 19 1 1 1 1 1
2.0806909 .8334626 2.0027833 2.5054145 1.9502608 0 0 0 0 0 1 7 7 7 7 7 1 1 1 1 1
2.1258478 2.1684637 2.5940361 2.585737 2.8665514 0 0 0 0 0 1 12 12 12 12 12 1 1 1 1 1
1.3350011 1.1488814 1.309636 1.388453 1.8167294 0 0 0 0 0 0 12 12 13 14 15 1 1 1 1 1
1.6389967 1.9728968 2.1533561 2.041935 1.9712881 0 0 0 0 0 0 13 13 14 14 14 1 1 1 1 1
1.7917595 1.2929949 1.5327796 1.2402109 1.8167294 0 0 0 0 0 1 8 8 8 8 8 1 1 1 1 1
1.3987169 1.6572725 1.6189573 1.7169572 1.7979833 1 1 1 1 0 0 13 13 13 13 13 1 1 1 1 1
2.3045831 2.2655666 2.2747169 1.3499433 2.2335582 0 0 0 0 0 1 11 11 11 11 11 1 1 1 1 1
1.3862944 1.373847 1.309636 .80066639 .90400368 0 0 0 0 0 0 13 13 13 13 13 1 1 1 1 1
1.2470323 1.1992624 1.458056 1.6017708 1.4681846 0 0 0 0 0 0 16 16 16 16 16 1 1 1 1 1
1.2527629 1.4620713 1.5327796 1.7233367 1.924943 0 0 1 0 0 0 12 12 12 12 12 1 1 1 1 1
1.2669476 1.1817694 1.3488567 1.8500885 2.3965478 0 0 0 0 1 0 14 15 16 16 16 1 1 1 1 1
1.704748 1.7497534 1.6760137 1.8302858 1.8857223 0 0 1 1 1 0 13 14 14 14 14 1 1 1 1 1
1.9183921 1.9237065 1.8649569 1.9059232 2.053494 0 0 0 0 0 0 14 14 14 14 14 1 1 1 1 1
1.6770965 2.0850344 1.6829221 1.7008277 1.7333478 0 1 1 1 1 0 16 16 16 16 16 1 1 1 1 1
2.0502701 1.829796 1.8358427 1.9384995 1.2571136 0 1 1 1 1 0 13 13 13 13 13 1 1 1 0 0
1.2089603 1.2107568 1.4602089 2.0137973 2.8020129 0 0 0 0 0 0 13 14 14 14 14 1 1 1 1 1
1.8484548 1.9138544 1.9567393 1.6335756 1.7426214 0 0 0 1 1 0 13 13 13 13 13 1 1 1 1 1
1.9344158 1.6717918 1.7812009 1.9242965 1.6217567 0 0 0 0 0 1 15 16 16 16 16 0 0 0 0 1
2.4849067 1.8895153 2.2329023 2.5054145 2.5012681 0 0 0 0 0 0 12 12 12 12 12 1 1 1 1 1
1.9501867 2.0374353 2.3587079 2.2749717 2.239192 1 1 1 1 1 0 12 12 12 12 12 1 1 1 1 1
1.6992786 1.9728968 2.0923953 2.1869607 2.2687144 1 1 1 1 1 0 14 14 14 14 14 1 1 1 1 1
1.4655675 1.3835088 2.0923953 2.1869607 2.3965478 0 0 0 0 0 1 12 13 13 13 13 1 1 1 1 1
1.2383742 1.2797496 1.309636 2.5411327 2.6346195 0 0 0 1 1 1 13 14 15 16 16 1 1 1 1 1
1.3862944 1.5674317 1.5966929 1.2061316 1.8857223 1 1 1 0 0 0 12 12 12 12 12 1 1 1 1 1
1.2089603 1.1669542 1.3889091 1.4938136 1.4802572 0 0 0 0 0 1 13 13 14 14 14 1 1 1 1 1
1.6094379 1.812728 1.9448893 1.8612306 1.9210894 0 0 0 0 0 1 14 14 14 14 14 1 1 1 1 1
1.4701759 1.5055563 1.5720003 1.6761352 1.8167294 0 1 0 0 0 1 13 13 13 13 13 1 1 1 1 1
1.3217559 1.1669542 1.6280898 1.8374033 1.8238468 0 0 0 0 0 0 14 15 16 16 16 1 1 1 1 1
1.9487633 2.1684637 2.1458006 2.4400516 2.198097 0 0 0 0 0 1 12 12 12 13 13 1 1 1 1 1
2.1150501 1.9979146 2.1071432 2.0636625 2.2354398 0 0 0 0 0 0 12 12 12 12 12 1 1 1 1 1
.039220676 .14031541 1.9528048 2.101403 2.2991555 0 0 0 0 0 1 14 14 14 14 14 1 1 1 1 1
1.2089603 1.1876345 1.309636 1.4938136 1.5627583 0 0 0 0 0 0 11 12 12 12 12 1 1 1 1 1
-.19845095 1.494861 1.8284298 2.1769104 1.9589727 0 0 0 0 0 0 16 16 16 16 16 1 1 1 1 1
1.9600948 1.986142 2.0027833 2.0407784 1.5516471 1 1 0 1 1 0 13 13 13 14 14 1 1 1 1 1
2.2343063 2.0730438 2.1458006 2.1565015 2.2840507 1 1 1 1 1 1 12 12 12 12 12 1 0 0 1 1
1.2527629 1.5390323 1.5700754 1.557727 1.8167294 0 0 0 1 1 0 13 13 13 13 13 1 1 1 1 1
1.2089603 1.5674317 1.2450975 .80066639 1.7669387 0 0 0 0 0 0 12 12 12 12 12 1 1 1 1 1
1.2947272 1.4281696 1.4274191 1.3194602 1.7669387 0 0 0 0 0 1 13 13 13 13 13 0 0 0 0 1
2.3025851 2.3558891 2.3871949 2.2786281 2.4218256 1 1 1 1 1 1 12 12 12 12 12 1 1 1 1 1
1.6448051 1.8511058 1.9043431 .44399145 1.8586936 0 0 0 1 1 0 12 12 12 12 12 1 1 1 0 1
1.3762441 1.5161384 1.4184904 1.093336 1.449798 0 0 0 0 0 1 12 12 12 12 12 1 1 1 1 1
1.7439687 1.3442882 1.4602089 2.1089993 2.0954428 0 1 1 1 1 0 16 16 16 16 16 0 0 0 0 0
1.2809339 1.2107568 1.2583427 1.5891238 1.7426214 0 1 1 1 1 1 9 9 9 9 9 1 0 1 1 1
1.8325815 1.9979146 1.9382447 1.9836198 1.7773943 1 1 1 0 1 0 12 12 12 12 12 0 0 0 0 0
1.8196988 1.8480892 2.0878134 2.0534294 1.8817142 0 0 0 0 0 0 12 12 12 12 12 0 0 0 0 0
2.3504224 2.3074625 2.3726211 2.2786281 2.0856655 1 1 0 0 1 1 12 12 12 12 12 1 1 1 1 1
1.137833 1.6104912 1.2098156 1.1791029 1.3748966 0 0 0 0 0 0 12 12 12 12 12 1 1 1 1 1
1.5040774 1.4620713 2.0015323 2.0959413 2.0557463 0 0 0 0 0 0 15 16 16 16 16 1 1 0 0 1
2.4458191 2.62661 2.4743481 2.3293281 2.4705415 0 0 0 0 0 1 16 16 16 16 16 1 1 1 1 1
1.7404661 1.8142918 1.7478908 1.7406737 2.2221944 0 0 0 0 1 0 12 13 14 15 16 1 1 1 1 1
1.9671124 2.3263667 2.2747169 2.3980317 2.3565588 0 0 0 0 0 1 12 12 12 12 12 1 1 1 1 1
1.442202 1.3442882 2.056324 2.1471798 2.2288389 0 0 0 0 0 1 11 12 12 12 12 1 1 1 1 1
1.2089603 1.4304659 1.9448893 1.9799366 2.2183776 0 0 0 0 0 0 12 12 12 12 12 1 1 1 1 1
1.9065752 2.162966 2.2087805 2.3109467 2.374711 1 1 1 1 1 0 12 12 12 12 12 1 1 1 1 1
1.0818052 1.2050261 1.3702606 1.1371386 -2.9425914 0 0 0 0 0 0 12 12 12 12 12 1 1 1 1 1
2.0918641 2.2362864 2.4554498 2.2574191 2.3697932 0 1 1 1 1 1 15 16 16 16 16 1 1 1 0 1
1.9095426 1.903904 1.9382447 1.8259909 2.1613319 1 1 0 0 0 0 13 13 13 13 13 1 1 1 1 1
1.6094379 1.5674317 1.5327796 1.6761352 1.7426214 0 0 0 0 0 1 15 15 16 16 16 1 1 1 1 1
1.4701759 1.4281696 1.3935175 1.4736109 1.6625787 0 0 0 0 0 1 12 12 12 12 12 1 1 1 1 1
1.5748465 1.4395984 1.9029628 1.9958003 2.0867565 0 0 1 1 0 1 10 10 10 10 10 1 1 1 1 1
1.5475625 1.5674317 1.5327796 1.5891238 1.7034007 1 1 1 1 1 0 12 12 12 12 12 1 1 1 0 1
1.975469 1.9992142 1.9914694 2.0102236 2.0283785 0 0 0 0 0 0 12 12 12 12 12 1 1 1 1 1
1.5040774 1.3689808 1.3749555 1.6761352 1.6217567 0 0 0 1 1 1 12 12 12 12 12 1 1 1 1 1
1.4562867 1.3567108 1.3935175 1.8444704 1.9502608 0 0 0 0 0 0 14 15 16 17 17 1 1 1 0 1
-.13926207 1.5674317 1.5327796 .94908643 1.8124344 0 0 0 0 0 1 13 14 15 16 16 0 0 0 1 1
2.5997224 2.4724593 2.7740481 3.0875285 2.9323392 0 0 0 0 1 0 16 16 16 16 16 1 1 1 1 1
1.0986123 1.3442882 1.2042755 1.2193767 1.6042432 1 1 1 1 1 1 12 12 12 12 12 1 1 1 1 1
1.1249295 1.4620713 1.4274191 1.3383287 .11767929 0 0 0 0 0 1 12 12 12 12 12 1 1 1 1 1
2.7080503 2.7154689 2.645952 2.6779919 2.686228 1 1 1 1 1 1 12 12 12 12 12 1 1 1 1 1
1.5686159 1.5161384 1.4602089 1.3772798 1.6200191 0 0 0 0 0 0 12 12 12 12 12 1 1 1 1 1
1.3862944 1.5369725 1.3819567 1.6387794 2.0398729 0 0 0 0 0 1 12 13 14 15 16 1 1 1 1 1
1.9021075 1.4620713 1.4274191 1.388453 1.6625787 0 0 0 0 0 1 13 14 15 16 16 1 1 1 1 1
1.6094379 2.2605789 2.631392 2.4101043 2.5788693 0 0 0 0 0 1 16 16 16 16 16 1 1 1 1 1
1.3862944 1.7825431 1.8649569 1.3146869 2.5394354 0 1 1 0 0 1 13 14 14 14 14 1 1 1 0 0
1.3737156 1.5891932 1.5327796 1.4938136 .56895393 0 0 0 0 0 0 13 13 13 13 13 1 1 1 1 1
1.2947272 1.252721 1.2180688 1.1791029 2.6838298 0 0 0 0 0 1 13 14 15 16 16 1 1 1 1 1
1.658228 1.5674317 1.5327796 2.0771458 2.1388128 0 0 0 0 0 0 16 16 16 17 17 1 1 1 1 1
2.0412202 2.0461473 1.309636 1.6353133 2.5062988 1 1 1 1 1 1 13 13 13 13 13 1 1 0 1 1
1.3217559 -.04200618 1.3772947 1.7265114 1.9185121 1 1 1 1 0 0 11 11 11 11 11 1 1 1 1 1
1.8870696 2.242415 1.5327796 1.8302858 1.808121 0 0 0 0 0 1 12 12 12 12 12 1 1 1 1 0
1.4929041 1.4620713 1.5327796 1.0782982 1.2571136 0 1 1 1 1 0 12 12 12 12 12 1 1 1 1 1
1.5475625 1.7580521 1.7966812 1.8345624 1.9651494 1 1 1 1 1 0 12 12 12 12 12 1 1 1 1 1
1.5303947 1.6843255 1.755923 -.0022956235 .093962774 1 1 0 0 0 0 12 12 12 12 12 1 1 0 0 0
1.9459101 1.9728968 1.9710345 1.9638172 2.1083324 0 0 0 0 0 1 12 12 12 12 12 1 1 1 1 1
1.7404661 1.4620713 1.9043431 1.5330342 1.7113689 0 0 0 0 0 1 13 13 13 13 13 1 1 1 1 1
1.4158531 1.5266098 1.5872678 1.7249254 1.7410817 1 1 1 1 1 0 12 12 12 12 12 1 1 1 1 1
1.8718022 1.903904 1.8692518 1.7864832 2.0680437 0 0 0 1 1 1 11 11 11 11 11 1 1 1 1 1
1.6094379 1.903904 2.1861458 1.9638172 2.1823642 1 1 1 1 1 1 7 7 7 7 7 0 0 0 0 0
2.3025851 2.2605789 2.3212368 2.3701153 2.3157716 0 0 0 0 1 1 12 12 12 12 12 1 1 1 1 1
1.2089603 1.3442882 1.1703739 1.6926645 1.4802572 0 0 0 0 0 0 13 13 13 13 13 1 1 1 1 1
1.5581446 1.252721 1.8073764 1.8667555 2.0329921 0 0 0 0 1 0 15 15 16 16 16 1 1 0 1 0
1.2089603 1.3442882 1.6725415 1.5963701 1.7654362 0 0 1 1 1 1 11 12 12 12 12 1 1 1 1 1
1.5040774 1.6162219 1.6725415 1.7561778 2.0976026 0 0 0 0 0 0 12 13 14 15 16 1 1 1 1 1
1.0647107 1.4620713 1.5815697 1.6335756 1.9651494 0 0 0 0 1 1 12 12 12 12 12 1 1 1 1 1
1.2809339 1.3591768 1.3702606 1.4938136 .56895393 0 0 0 1 0 1 12 13 13 13 13 1 1 1 1 1
1.3217559 1.2107568 1.1323019 1.4612905 2.4342289 0 0 0 0 1 1 13 14 15 16 17 1 1 1 1 1
1.7245507 1.7662826 1.6638079 1.7249254 1.7578889 0 0 1 1 1 0 12 12 12 12 12 1 1 1 1 0
1.2089603 1.252721 1.8299168 2.0090296 1.9810325 1 0 0 0 0 1 8 8 8 8 8 0 0 1 1 1
1.6808279 1.5674317 1.5327796 1.2061316 1.8682369 0 0 0 0 0 1 10 10 10 10 10 1 1 1 1 1
1.6094379 1.5410877 1.7951438 1.7939181 1.8857223 1 1 1 1 1 0 12 12 12 12 12 1 1 1 1 1
1.2499018 1.9821869 2.1272109 2.0816002 2.1754024 0 0 0 0 0 1 12 12 12 12 12 1 1 1 1 1
1.9459101 1.7497534 1.413996 1.4938136 1.9502608 0 0 0 0 0 1 12 12 12 12 12 1 1 1 1 1
1.4632554 1.7329462 1.8299168 1.4319382 1.7348993 0 1 1 0 0 1 11 11 11 11 11 0 0 0 0 0
2.3302002 2.408999 1.7478908 2.3267229 2.2288389 1 1 0 1 1 1 12 12 12 12 12 1 1 1 1 1
1.2527629 1.252721 1.3488567 2.2536843 2.3965478 0 0 0 0 0 1 12 12 12 12 12 1 1 1 1 1
1.0986123 1.2107568 1.3702606 1.8187914 1.91074 0 0 0 0 0 1 15 15 16 16 16 1 1 1 1 1
1.6094379 1.829796 -.25101176 2.1959205 1.6985891 0 0 0 0 0 0 15 15 15 15 15 1 1 1 1 1
1.0612565 1.2444679 1.7299898 1.6827797 1.7624241 1 1 1 1 1 0 12 12 12 12 12 1 1 1 1 1
1.9459101 1.7175745 2.057508 2.0476987 1.9990509 0 1 1 1 1 1 12 12 12 12 12 1 1 1 1 1
1.7119945 1.4049128 1.2450975 1.9638172 1.6625787 0 0 0 0 0 1 12 12 12 12 12 1 1 1 1 1
-.69314718 1.5328403 1.1323019 1.1513232 1.1925751 1 1 1 1 1 0 12 12 12 12 12 1 1 1 1 1
2.1972246 1.3835088 .93129957 1.2953626 2.0214181 0 0 0 0 0 1 11 11 11 11 11 0 0 0 0 0
2.7485521 2.6342094 1.7234 2.4638348 1.4802572 0 0 0 0 0 1 16 16 16 16 16 1 1 1 1 1
2.0333977 2.0572379 2.1327143 2.1282718 2.1582909 1 1 1 1 1 0 13 13 13 13 13 1 1 1 1 1
2.3115449 2.251538 2.5995572 2.4101043 2.2831552 1 1 1 1 1 1 14 14 14 14 14 1 1 1 1 1
1.6331544 1.4166088 1.9382447 2.523433 1.9502608 0 0 0 0 0 0 12 12 13 14 15 1 1 1 1 1
1.658228 1.6914177 1.6931963 1.2606198 1.3294343 0 0 0 0 0 0 13 13 13 13 13 1 1 1 1 1
2.5900171 2.220798 2.3311872 2.1471798 2.3565588 1 1 1 1 1 1 12 12 12 12 12 1 1 1 1 1
1.6094379 1.7071937 2.1003635 1.9848446 2.0823848 1 1 1 1 1 0 14 14 16 16 16 1 1 1 1 1
.91629076 1.1963681 1.5642781 1.7169572 1.5935858 0 0 0 0 0 0 10 10 10 10 10 0 1 1 1 1
1.474763 1.7497534 1.8749498 1.9436146 2.0398729 1 1 1 1 1 1 11 11 11 11 11 1 1 1 1 1
1.4655675 1.7380179 1.4919577 1.6761352 1.7803617 0 0 1 1 1 0 13 13 13 13 13 1 1 1 1 1
1.0577903 2.0766561 2.333884 2.2985022 2.6346195 0 0 1 1 1 1 16 16 16 16 16 1 1 1 0 0
2.1102133 2.3160136 2.5443804 2.3874497 2.4540617 1 1 1 1 1 0 15 15 16 16 16 1 1 0 0 1
1.427916 1.4025571 1.520707 1.481741 1.5252305 0 0 1 1 1 0 12 12 12 12 12 1 1 0 0 1
2.9957323 3.0490363 3.0075426 2.7175891 3.0063136 1 1 1 1 1 1 12 12 12 12 12 1 1 1 1 1
1.3083328 -1.3149718 1.6829221 1.388453 2.355726 0 0 0 0 0 1 9 12 12 12 12 0 0 0 0 1
1.3217559 1.4049128 1.2765962 1.3312947 1.8238468 0 0 0 0 0 1 12 12 12 12 12 1 1 1 1 1
1.9387417 1.4620713 1.4709041 2.4244018 2.2344995 0 0 0 0 1 0 16 16 17 18 19 1 1 1 1 1
.50681758 1.0958267 1.5327796 1.9700478 1.9210894 0 0 0 0 0 0 12 13 13 14 15 1 1 1 1 1
1.2527629 1.1963681 1.4274191 1.5426037 1.5290473 0 0 0 0 0 0 12 12 12 12 12 1 1 1 1 1
1.6292405 1.7662826 1.2970573 1.4425203 1.3294343 0 0 0 0 0 0 12 12 12 12 12 1 1 1 1 1
1.704748 1.8675363 1.2714148 2.1869607 .84159821 0 0 0 0 0 1 13 14 15 16 16 0 0 0 0 1
1.7595806 2.2605789 2.1205664 2.041935 2.2221944 1 1 1 1 1 0 13 13 13 13 13 1 1 1 1 1
1.7137979 1.7397029 -.71153665 1.92819 2.0921943 0 0 0 0 0 0 12 13 13 13 13 1 1 1 1 1
2.0215476 2.0980599 2.1746335 2.3659434 2.3088088 0 0 0 0 1 1 14 14 14 14 14 1 1 1 1 1
1.3862944 -.50404161 1.8649569 2.3293281 2.3565588 0 1 1 1 1 1 14 16 16 16 16 1 1 1 1 1
1.5040774 2.0374353 2.1851048 2.8781059 2.9618616 0 0 0 0 1 1 12 12 12 12 12 1 1 1 1 1
1.8453002 1.9278995 2.0139704 2.1471798 2.0724785 1 1 1 1 1 0 12 12 12 12 12 1 1 1 1 1
1.446919 1.3442882 1.5327796 1.4938136 1.8124344 0 0 0 0 0 0 12 13 14 15 16 1 1 1 1 1
1.5973654 1.7497534 1.8254491 1.7561778 2.0108855 1 1 1 1 1 0 12 12 12 12 12 1 1 1 1 1
1.704748 1.6627419 1.7151011 1.6761352 1.5755672 1 1 1 1 1 0 12 12 12 12 12 1 1 1 1 1
1.5686159 2.4837224 2.4490702 1.8598447 2.3565588 1 1 1 1 1 1 12 12 12 12 12 1 1 1 1 1
1.6094379 1.5674317 1.5720003 1.7684104 1.6303998 1 1 1 1 1 0 13 13 13 13 13 1 1 1 1 1
1.8961195 1.5674317 1.8692518 1.7577152 2.1734042 0 0 1 1 1 1 12 12 12 12 12 1 1 0 0 1
1.5475625 2.3942354 2.432941 2.4554601 2.5055816 0 0 0 0 1 0 16 16 16 16 16 1 1 1 1 1
2.3960755 2.366739 2.3587079 2.3029644 2.289408 0 0 0 1 1 1 12 12 12 12 12 1 1 1 1 1
1.3862944 1.1817694 1.2450975 1.5558491 1.3455822 0 0 0 0 0 0 10 10 10 10 10 1 1 1 1 1
1.7281095 2.1236131 2.1861458 2.1471798 1.1292802 0 0 1 1 1 0 9 9 9 9 9 1 1 1 1 1
1.3217559 1.5161384 1.4814863 2.3692825 3.0171244 0 0 0 0 1 0 14 15 16 17 17 1 1 0 1 1
2.1424165 1.815853 1.9710345 1.9650664 2.198097 0 1 1 1 1 1 12 12 12 12 12 1 1 1 1 1
1.637053 1.1458372 2.0189025 1.8302858 2.1734042 0 0 0 0 0 1 16 16 16 16 16 1 1 1 1 1
2.3978953 1.5674317 2.0027833 1.9638172 2.2269452 0 0 0 1 1 1 17 17 17 17 17 1 0 0 0 1
1.6094379 2.0980599 2.1746335 2.2077434 2.3252668 0 0 0 0 0 0 14 14 14 14 14 1 1 1 1 1
.69314718 2.0778573 1.5327796 1.7169572 1.9198016 0 0 0 0 0 0 13 14 15 16 16 1 1 1 1 1
1.5727739 1.7969549 1.3935175 1.6542302 1.4802572 0 0 0 0 0 0 12 12 12 12 12 1 1 1 1 1
1.5686159 1.5911483 1.6811996 1.6992004 1.7395397 0 0 0 0 0 0 16 16 16 16 16 1 1 1 1 1
2.1972246 2.3093691 2.2860806 1.8992788 2.084573 0 0 0 0 0 0 13 13 13 13 13 0 0 0 0 1
1.9501867 2.266561 2.5609694 2.7786288 2.9323392 0 0 0 0 0 1 16 16 16 16 16 1 1 1 1 1
1.2527629 1.1669542 1.4274191 1.4938136 1.7818421 0 0 0 0 0 1 12 13 14 15 15 1 1 1 1 1
1.2089603 1.1669542 1.1761047 1.2706701 1.1433848 0 0 0 0 1 1 12 12 12 12 12 0 0 0 0 0
1.8325815 1.8511058 1.9207593 2.2242565 1.7639312 0 0 0 0 0 1 16 16 16 16 16 1 1 1 1 1
2.1400661 2.2605789 2.2467093 2.2648473 2.3565588 1 1 1 1 1 1 12 12 12 12 12 0 0 0 0 0
1.6094379 1.6275856 1.5327796 1.2193767 2.3515503 0 0 0 0 0 0 16 16 16 17 18 0 0 0 0 1
1.2527629 1.3442882 1.5327796 1.421243 1.7001956 1 1 0 0 0 0 12 12 12 12 12 0 0 1 1 1
1.6658182 1.6406822 1.4340637 1.7774876 1.6741779 1 1 1 1 0 0 12 12 12 12 12 0 0 0 0 1
1.2089603 1.1669542 1.2714148 1.2706701 1.5516471 1 1 1 1 1 0 12 12 12 12 12 1 1 1 1 1
2.064328 2.0669942 2.0681026 2.0816002 2.0680437 1 1 1 1 1 1 12 12 12 12 12 1 1 1 1 1
1.9065752 1.9526942 1.2042755 1.2061316 .96943152 0 0 0 0 0 1 12 12 12 12 12 1 1 1 1 1
1.4562867 .54578048 .9239735 1.7437938 1.9725114 0 0 0 0 0 1 12 12 12 12 12 1 1 1 1 1
1.7263316 1.6843255 1.6829221 1.8302858 1.7773943 0 0 0 1 1 0 12 12 12 12 12 1 1 1 1 0
1.6094379 1.7744459 1.7827598 1.6827797 1.7639312 0 0 0 0 0 1 12 12 12 12 12 1 1 1 1 1
1.0986123 -.04200618 1.5327796 .10751923 1.3011304 0 0 1 1 1 0 12 13 13 13 13 1 1 1 1 1
1.3862944 1.7158518 1.8490491 1.9512385 2.0318408 0 1 1 1 1 1 12 12 12 12 12 0 0 0 0 1
1.178655 1.7497534 1.6496732 1.659328 1.6872712 0 0 0 0 0 0 12 12 12 12 12 1 1 1 1 1
1.3532544 1.2107568 1.2970573 1.3194602 .74628806 0 0 1 1 1 1 14 14 14 14 14 1 1 1 0 1
1.4770488 1.8267144 2.0189025 2.0959413 2.1613319 1 1 1 1 1 1 14 14 14 14 14 1 1 1 0 0
1.8718022 1.2107568 2.468873 2.4623172 2.491858 0 1 1 1 1 1 15 16 16 16 16 0 1 1 1 1
1.3862944 1.4327569 1.4537363 1.2706701 1.3748966 1 1 1 1 1 1 11 11 12 12 12 0 0 0 0 0
1.7917595 1.5674317 1.6280898 1.3194602 1.5755672 0 0 0 0 1 1 12 12 12 12 12 0 0 0 0 0
1.6233408 1.5872343 1.7167665 1.6877342 1.1178515 0 0 0 0 0 1 12 12 12 12 12 0 0 0 0 0
2.4114394 2.1880083 2.4090812 2.7534103 2.8272908 1 1 1 0 0 1 16 17 18 18 18 0 0 0 0 0
1.2527629 1.3442882 1.5815697 1.7249254 1.2571136 1 1 1 1 1 0 12 12 12 12 12 0 0 0 0 0
1.2527629 1.2249414 1.1761047 1.093336 1.3968755 1 1 1 1 1 0 12 12 12 12 12 0 0 0 0 0
1.2089603 -.16983956 1.309636 1.3312947 1.4802572 0 0 0 1 1 1 11 12 12 12 12 0 0 0 0 0
1.8718022 1.5674317 1.7151011 2.024442 1.8167294 1 0 0 0 0 1 7 7 7 7 7 1 1 1 1 1
1.2527629 1.0053128 1.309636 1.4938136 1.2963343 1 0 0 0 0 0 10 10 10 10 10 1 1 1 1 0
2.0794415 1.6627419 2.043205 2.3371034 2.0364385 0 0 0 1 1 1 10 10 10 10 10 1 1 1 1 1
1.6620303 1.4665058 1.5125768 1.4837633 1.4802572 0 0 0 0 0 0 12 12 12 12 12 1 1 1 1 1
1.3029127 1.4258683 1.3819567 1.7453502 1.7317938 1 1 1 1 0 0 12 12 12 12 12 1 1 1 1 1
1.2412686 1.4620713 1.6725415 1.5426037 1.2571136 0 0 1 1 1 1 9 9 9 9 9 1 1 1 1 1
1.5789787 1.6162219 1.7717965 1.6017708 1.5290473 0 0 0 0 0 1 11 11 11 11 11 1 1 1 1 1
2.4849067 2.2259874 2.488291 2.6816571 2.4675653 1 1 1 1 1 1 12 12 12 12 12 1 1 1 1 1
1.3862944 1.4620713 1.4274191 1.4425203 2.2316732 0 0 0 0 1 0 12 13 14 15 15 1 1 1 1 1
1.8840348 2.0730438 2.2329023 2.5432355 2.6193714 1 1 1 1 1 0 12 12 12 12 12 1 1 1 1 1
1.3350011 1.2389276 1.8735284 1.7804952 2.2288389 0 0 0 0 1 0 14 15 16 16 16 1 1 1 1 1
2.5257287 2.4511993 2.5156069 2.1513336 2.0680437 1 0 0 1 1 1 12 12 12 12 12 1 0 0 0 1
1.0851892 1.3442882 1.9863998 2.3874497 1.6042432 0 0 1 1 1 1 12 13 14 14 14 1 1 1 1 1
1.137833 1.1053963 1.5327796 1.4425203 1.0797796 0 0 0 0 0 0 8 8 8 8 8 1 1 1 1 0
2.5257287 2.6580119 2.7740481 2.7918231 2.8504221 1 1 0 0 1 1 14 14 14 14 14 1 1 1 1 1
2.1972246 2.312222 2.4090812 2.3482289 2.4540617 0 0 0 0 0 0 16 16 16 16 16 1 1 1 1 1
1.8718022 2.0374353 -.037437674 1.8416495 2.0295339 0 0 0 0 1 1 13 13 13 13 13 1 1 1 1 1
2.0149031 1.8389844 1.7780759 1.8057003 1.853199 1 0 0 0 0 0 14 15 15 15 15 1 1 1 1 1
1.9629077 1.2929949 1.6280898 1.6559324 1.7426214 1 1 1 1 1 1 12 12 12 12 12 1 1 1 1 1
1.3937664 1.3616369 1.4296389 1.4404128 1.4802572 0 0 0 0 0 0 12 12 12 12 12 1 1 1 1 1
1.2089603 1.1669542 1.1761047 1.4938136 2.5525255 0 0 0 0 0 1 14 14 15 16 16 1 1 1 1 1
1.2089603 1.1669542 1.1323019 1.093336 1.30352 0 0 0 0 0 0 7 7 7 7 7 1 1 1 1 1
1.8325815 1.8541132 .86334896 1.2061316 1.5194777 1 0 1 1 1 0 12 12 12 12 12 1 1 1 1 1
1.5260563 1.1669542 1.1471171 1.1513232 1.2571136 0 0 0 0 0 0 12 13 14 15 16 1 1 1 1 1
1.7191888 1.7497534 1.8269405 1.8245552 1.9712881 1 1 1 1 1 0 12 12 12 12 12 1 1 1 0 1
.18232159 1.2107568 1.1761047 1.1227499 1.1655464 0 0 0 0 0 1 12 13 14 15 16 0 0 0 0 0
2.2823825 2.4328501 2.488291 2.589087 2.5098765 1 1 1 1 1 1 12 12 12 12 12 1 0 1 1 1
2.2375131 1.7497534 1.9990262 2.2822709 1.5252305 0 0 0 0 0 0 12 12 12 12 12 1 0 0 1 1
1.3609766 1.7158518 1.5910485 1.5330342 1.3247722 1 1 1 1 1 1 12 12 12 12 12 1 1 1 1 1
2.2343063 2.3384655 2.3311872 2.375927 2.4068942 0 0 0 0 0 1 12 12 12 12 12 1 1 0 0 0
2.064328 2.1236131 2.0992291 2.4330392 2.6446571 0 0 0 0 0 0 12 12 12 12 12 1 1 1 1 1
1.3862944 2.0146785 1.309636 1.9320686 1.6457716 0 0 0 0 0 1 11 12 12 12 12 1 1 1 0 1
1.8718022 1.8675363 1.8620833 .74726558 1.5755672 0 0 0 0 0 1 12 12 12 12 12 0 0 0 0 1
2.1575594 2.3282375 2.4272337 2.4516301 2.4472411 0 0 1 1 1 1 16 16 16 16 16 0 0 0 0 0
1.1631508 1.0893959 1.0547438 1.0157777 1.1178515 0 0 0 1 1 1 12 12 12 12 12 0 0 0 0 0
1.2089603 .5061152 .80710918 1.5891238 1.6625787 0 0 0 0 0 0 13 14 14 14 14 0 1 1 1 1
1.6094379 1.7002128 1.5327796 1.5017818 1.5059248 0 0 0 0 0 0 12 12 12 12 12 0 0 0 0 0
1.686399 1.6627419 1.9153172 1.7169572 2.0283785 0 0 0 0 0 1 10 10 10 10 11 0 0 0 0 0
1.4350845 1.6627419 2.1026285 2.1143901 1.7892114 1 1 1 1 1 0 16 16 16 16 16 0 0 0 0 1
2.0373166 1.899609 1.9902045 2.0948455 2.0746884 1 1 1 1 1 0 12 12 12 12 12 0 0 0 0 0
1.3862944 1.4486482 1.5966929 1.4938136 1.6625787 1 1 0 0 1 1 12 12 12 12 12 0 0 0 0 1
1.4906543 1.5161384 2.558104 1.8653772 1.8722992 0 0 0 0 0 1 9 9 9 9 9 0 0 0 0 1
.97832614 2.1552184 2.2259266 2.1869607 2.3000369 1 1 1 1 1 1 12 12 12 12 12 1 1 1 1 1
1.5260563 1.9166793 1.9645619 1.9811659 1.30352 0 0 0 0 1 0 13 13 13 14 14 1 1 1 1 1
1.5581446 1.6350904 1.7151011 1.7089249 2.8163104 0 0 0 0 1 1 15 15 15 15 15 0 0 0 0 0
1.2527629 2.1074278 2.1490457 2.3267229 2.355726 0 0 0 0 0 0 16 16 16 16 16 0 0 0 0 1
1.3454723 1.4620713 1.5327796 1.2706701 1.5935858 1 1 1 1 1 1 11 11 11 11 13 0 0 0 1 1
1.6094379 1.829796 1.9825805 2.0816002 2.0680437 1 1 1 1 1 1 10 10 10 10 10 0 0 0 0 0
1.2089603 1.3442882 1.4274191 1.4104319 1.4183817 0 0 0 1 1 0 12 12 12 12 12 0 0 0 0 0
1.2089603 1.1669542 1.1323019 1.9700478 2.0283785 0 0 1 1 1 0 13 14 16 16 16 1 1 1 1 1
1.8405497 1.9728968 1.9876696 1.9848446 2.0283785 0 0 0 1 1 1 12 12 12 12 12 0 0 0 0 0
2.7232671 2.7964873 2.1861458 2.1471798 2.9323392 0 0 0 0 0 1 12 12 12 12 12 0 0 0 0 0
1.427916 -.56963891 .88651597 1.7561778 1.679108 1 0 0 1 1 0 12 12 12 12 12 0 0 0 1 0
1.2527629 1.2050261 1.1559019 1.5539676 1.754854 0 0 0 0 0 1 13 14 15 16 16 1 1 1 1 1
1.2089603 1.5674317 1.4072163 1.6335756 1.6625787 1 1 1 1 1 0 12 12 12 12 12 0 0 0 0 0
1.3217559 1.5674317 1.413996 1.481741 1.6077704 0 0 0 0 1 1 12 12 12 12 12 0 0 0 0 0
1.8229351 1.7295506 1.7478908 1.6943024 1.7921439 1 1 1 1 1 1 12 12 12 12 12 0 0 0 0 0
1.3217559 1.8541132 1.4274191 1.4938136 1.7034007 1 0 0 0 0 1 13 13 13 13 13 0 0 0 0 0
1.5303947 1.5513024 1.8806155 1.8416495 1.8989675 0 1 1 1 1 0 12 12 12 12 12 0 0 0 0 0
1.7316556 1.6663717 1.8890544 1.7546382 3.0658121 0 1 1 1 1 1 13 14 15 15 15 0 0 0 0 0
1.508512 1.3367599 1.4602089 1.1541362 1.6953684 0 0 0 0 0 0 12 12 12 12 12 0 0 0 0 0
1.3862944 1.3442882 1.4274191 1.388453 1.5290473 0 1 1 1 1 1 12 12 12 12 12 0 0 0 0 0
1.5040774 1.5674317 1.8505057 1.8992788 1.8462882 0 1 1 1 1 0 12 12 12 12 12 0 0 0 0 0
1.6233408 1.494861 1.5327796 1.087348 1.6286771 1 1 1 1 1 0 12 12 12 12 12 0 0 0 0 0
1.4816046 1.494861 1.5327796 1.421243 1.6200191 0 0 1 1 1 1 9 9 9 9 9 0 0 0 0 0
.8020016 -.16983956 -.40516239 1.4571496 1.7426214 0 0 0 0 1 0 12 12 12 12 12 0 0 0 0 0
1.2089603 1.5674317 1.7349037 1.4938136 1.5290473 1 1 1 1 1 0 12 12 12 12 12 0 0 0 0 0
2.0794415 1.5431391 1.6496732 1.8992788 1.91074 0 0 0 0 0 1 15 16 17 17 17 1 1 1 1 1
1.5040774 1.5161384 1.5327796 1.4938136 1.5194777 0 0 1 1 1 0 12 12 12 12 12 0 0 0 0 0
1.2089603 1.3442882 1.4274191 1.2706701 1.0797796 1 1 1 1 1 0 12 12 12 12 12 1 0 0 0 1
1.2383742 1.3616369 1.3702606 1.6335756 1.6024748 0 0 0 0 0 1 12 12 12 12 12 1 1 1 1 1
1.3862944 1.4620713 1.2765962 1.6761352 2.0108855 0 0 0 0 0 1 12 14 14 14 14 1 1 1 1 1
2.1972246 2.4012101 2.2457294 2.4101043 2.6838298 1 1 1 1 1 1 13 13 13 13 13 0 0 0 0 0
1.4398351 1.6699883 1.9528048 1.9550287 1.6625787 0 0 0 0 0 0 12 12 12 12 12 1 1 1 1 1
1.3217559 1.4235613 1.9382447 1.8259909 1.963917 0 0 0 0 0 1 15 16 16 16 16 1 1 0 0 0
2.0794415 3.1464105 2.0189025 1.8259909 1.9663801 0 0 0 0 0 1 13 13 13 13 13 1 1 1 1 1
1.8325815 1.903904 2.2408154 2.1869607 1.9502608 0 0 0 0 0 1 14 14 14 14 14 1 1 1 1 1
2.8290873 3.1255763 1.8387926 1.8992788 2.0108855 0 0 0 0 0 1 11 11 11 11 11 1 1 1 1 1
2.2512918 2.4345322 2.0027833 2.0161724 2.0108855 0 0 0 0 0 1 12 12 12 12 13 1 1 1 1 1
1.5040774 1.6162219 1.7067329 1.6035645 1.7034007 0 0 0 1 1 1 12 12 12 12 12 1 1 1 1 1
1.6486586 1.9320748 2.0634079 2.0534294 2.0398729 1 1 1 1 1 1 11 11 11 11 11 1 1 1 0 0
1.2089603 1.4212493 1.5700754 1.6761352 1.9663801 0 0 0 0 0 0 13 14 15 16 16 1 1 1 1 1
-.69314718 1.1669542 .47146305 1.5799912 1.679108 1 0 1 1 1 0 12 12 12 12 12 1 1 1 0 1
2.2385798 2.2813613 2.3973558 2.3214915 2.6490171 1 1 1 1 1 1 11 11 11 11 11 1 1 1 1 1
2.1282318 2.109756 2.0634079 2.0534294 2.0812891 1 1 1 1 1 1 12 12 12 12 12 1 1 1 1 1
2.1400661 2.220798 2.4936612 2.1718471 2.0647049 0 0 0 0 0 0 14 15 15 15 15 1 1 1 1 1
1.2809339 .3086507 1.1323019 2.9676609 1.0797796 0 0 0 0 1 1 9 9 12 12 12 1 1 1 1 1
1.474763 1.4441335 1.4362686 1.6694461 2.5721805 0 0 0 0 0 0 12 12 12 12 12 1 1 1 1 1
1.6213665 1.252721 1.2450975 1.3002288 1.0797796 0 0 0 1 1 0 15 15 15 15 15 1 1 0 1 1
1.6752257 1.6480896 1.6742791 1.8598447 -.40361768 1 1 1 0 0 0 14 14 14 14 14 1 1 1 1 1
1.4586151 1.4327569 1.5064356 2.1544375 1.8323215 0 0 0 0 0 1 12 12 12 12 12 1 1 1 1 1
1.6448051 1.7695559 1.8692518 1.7089249 1.9502608 0 0 0 1 1 0 12 12 13 14 14 1 0 0 1 1
1.3862944 1.1669542 1.1323019 1.7561778 1.2214864 0 1 1 1 1 1 10 10 10 10 10 1 1 1 1 1
1.2089603 1.7563978 1.7151011 1.8027678 1.7426214 0 0 0 0 0 1 9 9 9 9 9 1 1 1 1 1
1.5581446 1.6931829 1.7267003 1.9177732 1.8790332 1 1 1 1 1 0 13 13 13 13 13 1 1 1 1 1
1.5040774 1.4553822 1.9710345 2.0338097 2.1336234 1 1 1 1 1 1 16 16 16 16 16 1 1 1 1 1
1.0296195 1.1366488 1.1323019 1.093336 1.2571136 0 1 1 1 1 0 11 12 12 12 12 1 1 1 1 1
1.6677068 1.7244354 1.8649569 1.8626148 1.805235 0 0 0 0 0 0 14 14 14 14 14 1 1 1 1 1
1.2641267 1.3442882 1.3195864 1.4776843 1.6060083 1 1 1 1 1 0 12 12 12 12 12 1 1 1 1 1
1.2089603 1.2050261 1.8620833 1.993376 2.1051254 0 0 0 0 0 0 14 15 15 16 16 1 1 1 1 1
1.5686159 1.0227046 1.3981047 1.4938136 2.692198 0 0 0 0 1 1 12 12 12 12 12 1 1 1 1 1
1.6094379 1.7497534 1.4558985 1.6827797 1.8923668 1 1 1 1 1 1 12 12 12 12 12 1 1 1 1 1
1.1249295 1.5773821 1.3702606 1.0222087 1.3748966 0 0 0 0 0 1 11 11 11 11 11 1 0 1 1 1
1.3532544 .35003594 1.0739137 1.1371386 1.1405797 0 0 0 0 0 0 13 13 13 13 13 1 1 1 1 1
1.2089603 1.2797496 1.8043323 1.8100832 1.6625787 0 0 0 0 0 1 12 12 12 12 12 1 1 1 1 1
.91629076 1.1669542 1.1323019 1.2061316 1.3748966 0 0 0 0 0 1 12 13 13 14 14 0 1 1 1 1
1.1314021 .8334626 1.0285984 1.1227499 1.4762491 0 0 0 0 0 0 9 12 12 12 12 1 1 1 1 1
1.5040774 1.9728968 2.1985555 2.1356676 2.2804635 1 1 1 1 1 1 13 13 13 13 13 1 1 1 1 1
1.3862944 1.0632507 1.4274191 1.4126035 1.2058203 0 0 0 0 0 1 12 12 12 12 12 1 1 1 1 1
1.2089603 1.1366488 .92764324 1.5799912 1.2571136 1 1 1 1 1 0 13 13 13 13 13 1 1 1 1 1
3.0363944 1.8189683 1.7874217 2.0625308 2.3431473 0 0 1 1 1 0 14 15 16 16 16 1 1 1 1 1
1.3217559 1.4395984 1.0219539 1.4016984 1.5290473 0 1 1 0 0 0 13 13 13 13 13 1 1 1 0 0
1.9459101 1.2797496 1.2450975 1.5483018 1.8518207 0 0 0 0 0 0 13 14 15 15 15 1 1 1 0 1
1.8164521 1.9110215 .97066063 2.2423954 2.9531877 0 0 0 0 0 0 16 17 18 18 18 1 1 1 1 1
1.2089603 1.5055563 1.5623384 1.5520825 1.5385261 0 0 0 0 0 0 12 12 12 12 12 1 1 1 1 1
1.2441546 1.6294671 1.2714148 1.5927535 2.3860934 0 0 0 1 0 1 12 12 12 12 12 1 1 1 1 1
1.6174061 2.0461473 1.8721049 1.9725292 2.1408811 1 1 1 1 1 1 14 14 14 14 14 1 1 1 1 1
1.3862944 2.3093691 1.309636 1.2706701 2.2911873 0 0 0 0 0 1 12 12 12 12 12 0 0 1 1 1
1.3862944 1.7497534 1.7812009 2.1959205 .37763679 0 0 0 1 0 1 12 12 12 12 15 1 1 1 1 1
1.3217559 1.2797496 1.268814 1.3591387 .71238643 0 1 1 1 1 0 12 12 12 12 12 1 1 1 1 1
1.7491999 1.4620713 1.5327796 1.8302858 2.491858 0 0 0 0 1 1 12 12 12 12 12 1 1 1 1 1
1.166271 1.4883884 1.3702606 1.5891238 1.7426214 0 0 0 0 0 0 12 12 13 13 13 1 0 1 1 1
2.0175662 1.9979146 1.8299168 1.388453 1.7979833 0 1 1 1 1 1 10 10 10 10 10 1 1 1 1 1
1.7404661 1.7563978 1.8328842 1.9663142 2.1083324 0 0 0 0 0 0 12 12 12 12 12 1 1 1 1 1
2.3997118 2.4081366 2.411576 2.3767543 2.5408213 0 0 0 0 1 1 12 12 12 12 12 1 1 1 1 1
2.4578781 2.0535548 2.631392 2.5362082 1.9502608 0 0 0 0 0 1 12 12 12 12 12 1 1 1 1 1
1.3001916 1.1669542 1.309636 1.3499433 1.3771164 0 0 0 0 0 1 12 13 13 13 13 1 1 1 1 1
1.446919 1.1669542 1.4274191 1.093336 1.680746 0 0 0 0 0 1 11 12 13 13 13 1 0 0 1 1
1.2383742 1.306067 1.7780759 1.6353133 1.8923668 1 1 1 1 1 0 13 13 13 13 13 1 1 1 1 1
1.2089603 1.1669542 1.4772669 1.093336 1.1925751 0 0 0 0 1 0 12 12 12 12 12 1 1 1 1 1
1.2669476 1.2249414 1.4814863 1.2061316 1.5846171 0 0 0 0 0 1 14 15 16 16 16 1 1 1 1 1
.91629076 1.3689808 1.1263139 1.5836543 1.8023406 0 0 0 0 0 1 12 12 12 12 12 0 0 0 0 1
1.4701759 1.5245242 1.5486529 1.5981736 1.6592398 1 1 1 1 1 0 12 12 12 12 12 0 0 0 0 0
1.2089603 1.160966 1.1323019 1.3026531 1.6077704 1 1 1 0 1 0 12 12 12 12 12 0 0 0 0 0
1.1085626 1.154942 1.3021078 1.3772798 1.2571136 0 0 0 0 0 0 13 13 13 13 13 0 0 0 0 0
1.2089603 1.4620713 1.4537363 1.4938136 1.2188923 0 0 0 0 0 1 13 13 13 13 13 0 0 0 0 0
.94390589 1.5674317 1.1674962 1.3312947 1.1572932 0 0 0 0 0 0 12 12 12 12 12 0 0 0 0 0
1.3217559 1.2609066 1.1263139 1.0412569 1.5609151 0 0 0 0 0 0 12 12 12 12 12 1 1 1 1 1
1.7404661 1.2107568 1.7827598 1.4060746 1.4076865 0 0 0 0 0 1 14 14 14 14 14 0 0 0 0 0
.53649342 .69036168 .98805243 -.30195391 .48600486 0 0 0 0 0 0 9 9 9 9 9 0 0 0 0 0
1.6253113 1.0053128 1.2316744 1.2061316 1.7239873 0 0 1 1 1 1 12 12 12 12 12 0 0 0 0 0
1.3350011 1.1817694 1.1471171 1.116936 1.1433848 0 0 0 0 0 1 10 10 10 10 10 0 0 1 1 1
.97455966 1.5161384 1.5023204 1.6160313 1.5755672 0 0 0 0 0 1 11 12 12 12 12 0 0 0 0 0
1.8325815 1.1963681 1.1761047 1.2376301 1.2963343 0 0 0 0 0 0 12 13 14 15 15 0 1 1 1 0
1.8885837 -.22833574 2.043205 2.2831798 2.3363731 1 1 1 1 1 1 16 16 16 16 16 1 1 1 1 1
2.0794415 1.3442882 1.7966812 1.6473927 1.5935858 0 0 0 0 0 1 16 16 16 16 16 0 1 1 1 1
2.4748564 2.3658395 2.5065842 2.589087 2.6993155 0 1 1 1 1 1 17 18 18 18 18 1 1 1 1 1
2.0412202 2.0374353 2.0527632 2.0816002 2.1115289 1 1 1 1 1 0 17 17 17 17 17 0 0 0 0 0
1.876407 1.7905753 1.8505057 1.8598447 1.91074 0 0 0 0 0 0 16 16 16 16 16 1 1 1 1 0
2.0592389 1.899609 1.9632624 2.041935 2.0823848 1 1 1 1 1 0 16 16 16 16 16 0 0 0 0 0
1.6677068 1.6257007 .54928011 1.0222087 1.1682824 1 1 1 1 1 0 12 12 12 12 12 0 0 1 1 1
1.2527629 1.2797496 1.2919811 1.2953626 1.2495853 0 0 0 0 0 0 12 12 12 12 12 0 0 0 0 0
1.2089603 1.7497534 1.6549972 1.6761352 1.0797796 0 0 0 0 0 0 13 14 14 15 16 1 1 1 1 1
1.3862944 1.3442882 1.2208048 1.5891238 1.2240738 0 0 0 0 0 0 11 11 11 11 11 1 1 1 1 1
1.1314021 1.4620713 1.7151011 1.6761352 1.7034007 0 0 0 0 0 1 9 9 9 9 9 1 1 1 1 1
2.1222615 2.0814521 2.325772 2.4607973 2.3673251 0 0 0 0 1 0 15 15 15 15 15 1 1 1 1 1
1.2383742 1.3442882 1.6655607 1.7561778 1.9502608 0 0 0 0 0 1 12 12 12 12 12 1 1 1 1 1
1.6695918 1.6443928 1.6317195 1.7623129 1.7773943 0 0 1 1 1 0 12 12 12 12 12 1 1 1 1 1
1.6094379 1.160966 1.5327796 1.4938136 1.2571136 0 0 0 0 0 0 12 12 12 12 12 1 1 1 1 1
1.3862944 1.6181248 1.5327796 1.8302858 2.1734042 0 1 1 1 1 1 10 10 10 10 10 1 1 1 1 1
1.3862944 1.9728968 2.1205664 1.9638172 1.9502608 0 0 0 0 0 0 9 9 9 9 9 1 1 1 0 1
1.6094379 1.9728968 2.2259266 1.4938136 1.8857223 0 0 0 0 0 1 12 12 12 12 12 1 1 1 1 1
2.095561 2.0572379 2.0935376 2.3162332 2.4005399 1 1 1 1 1 0 16 16 16 16 16 1 1 1 1 1
1.4350845 1.986142 1.9774654 1.8514881 2.0398729 0 0 0 0 0 1 10 10 10 10 10 1 1 1 1 1
1.3217559 2.0886037 2.1205664 2.0209062 1.7892114 0 0 0 0 1 0 14 14 14 14 14 1 1 1 1 1
1.742219 -1.3513395 1.2662065 1.4938136 1.9906826 1 1 1 1 1 0 12 12 12 12 12 1 0 0 1 1
1.178655 1.5674317 1.1323019 1.1081512 1.5700978 0 0 0 0 0 1 9 9 9 9 9 1 0 0 0 1
1.8594182 2.1987035 2.4490702 2.1869607 1.9906826 0 0 0 0 0 1 9 9 9 9 9 1 1 1 1 1
1.5040774 1.5161384 1.5327796 1.421243 1.0797796 0 0 0 0 1 0 12 12 12 12 12 1 1 1 1 1
2.2353764 2.5136695 2.577991 2.5924258 2.6735733 1 1 1 1 1 0 16 16 16 16 16 0 1 1 1 1
1.3862944 1.7662826 1.6777453 1.8885547 1.905525 0 0 0 0 0 0 13 13 13 13 13 1 1 1 1 1
1.4678744 1.5224344 1.5700754 1.6627122 1.6491556 0 0 0 0 0 0 8 11 12 12 12 1 1 1 1 1
1.8325815 1.3442882 2.0923953 2.0534294 2.1734042 0 0 0 0 0 0 14 15 16 16 16 1 1 1 1 1
1.2089603 1.5472291 1.8606434 1.4938136 1.0182217 0 0 0 0 0 0 12 12 13 14 14 1 1 1 0 1
1.6677068 1.8048726 1.8373188 2.1154649 2.2522154 1 1 1 1 1 0 12 12 12 12 12 1 1 1 1 1
1.2089603 1.7905753 2.3311872 1.3194602 1.7426214 0 0 0 0 0 1 13 13 13 13 13 1 1 1 1 1
1.2809339 1.1729065 1.3702606 1.4837633 1.2571136 1 1 1 1 1 0 12 12 12 12 12 1 1 1 1 1
.039220676 1.1669542 1.2450975 1.7530962 1.8167294 0 0 0 1 1 0 12 12 12 12 12 1 1 1 1 1
1.4906543 1.4486482 1.6829221 1.4938136 2.3965478 0 1 1 1 1 0 12 12 12 12 12 1 0 0 0 1
1.4816046 1.8405076 1.8134371 1.8817934 1.995473 0 0 0 0 0 0 12 12 12 12 12 1 1 1 1 1
1.2527629 1.829796 1.8284298 .80066639 2.3965478 0 0 0 0 0 0 16 16 16 16 16 1 1 1 1 1
1.9459101 2.0210519 1.4274191 2.0465486 1.8857223 0 0 0 0 0 0 12 12 12 12 12 1 1 1 1 1
1.2837077 1.4235613 1.5327796 1.1227499 1.9502608 0 0 0 0 0 1 11 12 12 12 12 1 1 1 0 1
1.2354715 1.6275856 1.3981047 2.5054145 1.8923668 0 1 1 1 1 0 12 12 12 12 12 1 1 1 1 1
1.7917595 1.160966 1.2450975 1.2706701 1.5290473 1 1 0 0 0 0 15 15 15 15 15 1 1 1 1 1
1.2527629 1.5674317 1.4274191 1.8302858 2.3965478 0 0 0 0 0 1 17 18 19 19 19 0 0 0 1 1
1.2089603 1.1669542 1.1382544 1.2706701 1.4802572 0 0 0 0 0 1 12 12 12 12 12 1 1 1 1 1
1.8718022 1.631345 2.043205 2.1869607 2.3965478 0 1 1 1 0 0 14 14 14 14 14 1 1 1 1 1
1.2089603 1.5674317 1.2557076 2.0090296 1.2571136 1 0 0 0 0 1 12 12 12 12 12 1 1 1 1 1
1.6094379 2.0778573 1.161716 1.2756575 1.3748966 0 1 1 1 1 0 13 13 13 13 13 1 1 1 1 0
2.0831845 1.7905753 2.0383916 1.8992788 1.9502608 1 1 1 1 1 1 12 12 12 12 12 0 0 0 0 0
1.0986123 1.6717918 1.7812009 2.1869607 2.7330201 0 1 1 1 1 1 12 12 12 12 12 1 1 1 1 1
1.2527629 1.9795414 2.1682975 2.1143901 2.6496384 0 0 0 0 0 1 12 13 14 15 16 1 1 1 1 1
1.7749524 1.7227247 1.9207593 1.7406737 1.7773943 1 1 1 1 1 0 12 12 12 12 12 1 1 1 1 1
1.2947272 1.5674317 1.0417565 1.2376301 1.6252229 0 0 0 0 0 1 12 12 12 12 12 1 1 1 0 1
1.2089603 1.1963681 1.161716 .83216506 1.3247722 0 0 0 0 0 0 14 14 14 14 14 1 1 1 1 1
2.2772672 1.9458681 2.0969563 2.1325047 2.2732496 0 0 0 0 0 1 16 16 16 16 16 1 1 1 1 1
1.0331844 1.0053128 1.1323019 1.0222087 1.0797796 0 0 0 0 0 0 10 10 10 10 10 0 0 0 1 1
1.2527629 .99473065 1.1382544 1.1081512 .8528977 0 1 1 1 1 0 10 10 10 10 10 1 1 1 1 0
1.2809339 2.3093691 1.8209616 1.9638172 2.5788693 0 1 0 0 0 1 14 14 14 14 14 1 1 1 1 1
1.2089603 1.252721 1.309636 1.4958116 1.3455822 0 0 0 0 0 0 13 14 15 15 15 1 1 1 1 1
1.2089603 1.1934654 1.1172642 .69530588 .49675766 0 0 0 0 0 0 10 10 10 10 10 1 1 1 1 1
2.3369865 2.3801382 2.4867513 2.5148246 2.7075558 0 0 0 0 0 0 15 15 15 16 17 1 1 1 1 1
1.3862944 1.7497534 2.0716093 1.6761352 1.6625787 0 0 0 0 0 0 12 12 12 12 12 0 0 0 0 1
1.4350845 1.4508978 1.4537363 1.4255347 2.2623305 0 0 0 0 0 1 12 12 12 12 12 0 0 0 0 1
2.8136108 1.1669542 .48295745 1.4938136 1.6200191 0 0 0 0 1 0 12 13 14 15 15 0 0 0 0 1
.91629076 1.494861 1.4602089 1.093336 1.5846171 0 0 0 0 0 0 10 10 10 10 10 1 1 1 1 1
1.5040774 1.1669542 1.5327796 1.307484 1.1978942 0 0 0 0 0 0 12 12 12 12 12 1 1 1 1 1
1.3987169 1.2107568 1.4919577 2.0090296 2.1853328 0 0 0 0 0 1 15 15 15 15 15 1 1 1 1 1
1.3217559 1.1669542 .78623152 1.7169572 1.9120395 0 0 0 1 1 1 12 12 12 12 12 0 0 1 0 1
2.1222615 2.1552184 2.2148659 2.0760293 1.8857223 1 1 1 1 0 1 12 12 12 12 12 1 1 1 0 1
1.7491999 1.7210108 1.7267003 1.9397807 1.7426214 1 1 1 0 0 0 12 12 12 12 12 1 1 1 1 1
1.658228 .76892406 1.1761047 1.2453523 1.1925751 1 0 0 1 1 0 12 12 12 13 13 1 1 1 0 0
1.2089603 1.1669542 1.8692518 2.5191381 2.6346195 0 0 0 0 0 1 13 14 15 16 17 0 0 0 1 1
1.3862944 1.0364034 1.309636 1.2706701 1.3455822 0 0 0 0 0 1 12 13 13 13 14 1 1 0 0 1
1.1600209 1.4840502 1.5023204 1.4425203 1.4289639 0 0 0 0 0 0 12 12 12 12 12 0 0 1 1 1
1.7817092 1.9728968 1.7234 1.6660849 1.4802572 0 0 0 0 0 0 12 12 12 12 12 1 1 1 1 1
1.658228 1.741385 1.7874217 1.7864832 1.7803617 1 1 1 1 1 0 14 14 14 14 14 1 1 1 1 1
1.5475625 1.1669542 1.1323019 1.388453 1.1978942 0 0 0 0 0 1 12 12 12 12 12 1 1 1 1 1
1.6733512 1.5674317 1.3608043 1.9125239 1.9477576 0 0 0 0 1 1 13 13 13 13 13 1 1 1 1 1
1.9095426 2.0547841 2.069273 2.0760293 2.1040542 0 0 0 0 0 0 12 12 12 12 13 1 1 1 1 1
1.442202 1.4212493 1.4406642 1.6177995 1.7578889 0 0 0 1 1 1 12 12 12 12 12 1 1 1 1 1
1.2029723 1.5674317 1.6280898 1.9638172 1.1925751 0 0 0 0 0 1 10 10 10 10 10 1 1 1 1 1
-.10536055 1.0123057 .85943502 1.1081512 1.0797796 0 0 0 1 1 0 9 9 9 9 9 1 1 1 1 1
1.6094379 1.0566062 1.309636 1.9638172 1.6625787 0 0 0 1 0 1 8 8 8 8 8 1 1 0 1 1
1.5892352 1.6663717 1.6914914 1.7638408 2.0680437 1 1 1 1 1 1 12 12 12 12 12 1 1 1 1 1
1.6094379 2.0572379 2.0774267 2.1809428 2.2373176 0 1 1 1 1 1 12 12 12 12 12 1 1 1 1 1
1.2089603 1.4049128 1.7430406 1.7561778 1.4802572 0 0 0 0 0 1 12 12 12 12 12 1 1 1 1 1
1.2669476 1.1669542 1.4428549 1.4674697 1.5347453 0 0 0 0 0 0 15 16 16 16 16 1 1 1 1 1
1.3711808 1.252721 1.2180688 1.2061316 1.2571136 0 0 0 1 1 0 12 12 12 12 12 1 1 1 1 1
1.0986123 1.1519163 1.4666398 1.4016984 1.5290473 0 0 0 0 0 0 12 12 12 12 12 1 1 1 1 1
2.3174736 1.8763859 1.3220586 1.388453 1.5755672 1 0 0 0 0 0 12 12 12 12 12 1 1 0 1 1
1.6094379 1.5593996 1.7654773 1.9242965 1.91074 1 1 1 1 0 1 12 12 12 12 12 1 1 1 1 1
1.5040774 1.5674317 1.755923 1.6761352 1.7034007 0 0 0 0 0 1 12 12 12 12 12 1 1 0 0 0
1.5040774 1.8541132 1.6478925 1.7561778 2.0647049 0 0 0 0 0 1 14 15 15 15 15 1 1 1 1 1
1.3737156 1.3665389 1.309636 1.7328305 1.6165347 0 0 0 0 0 0 15 15 15 15 15 1 1 1 1 1
1.5325569 1.5161384 1.4919577 1.4938136 1.5290473 1 0 0 0 0 1 10 12 12 12 12 1 1 1 1 1
1.1724821 1.1669542 1.309636 1.388453 1.2571136 1 1 1 1 1 0 12 12 12 12 12 1 1 1 1 1
1.8325815 1.2249414 .91288286 1.2114507 1.4012139 0 0 0 0 0 0 12 12 12 12 12 0 0 0 0 0
1.2267123 1.4753165 1.5327796 1.8115398 1.5755672 0 0 0 0 0 0 14 14 14 14 14 1 1 1 1 1
1.2089603 1.3442882 1.9382447 .83988708 1.8857223 0 0 0 0 0 1 12 12 12 12 12 0 1 1 1 1
1.178655 1.5674317 1.309636 1.8259909 1.9663801 0 0 0 0 0 0 12 13 14 15 15 1 1 1 1 1
1.1693814 1.741385 1.8104113 1.8858557 2.0108855 0 0 0 0 0 1 12 12 12 12 12 1 1 1 1 1
1.446919 1.5573814 1.3702606 1.1680834 1.4802572 0 0 0 0 0 1 12 12 12 12 12 1 1 1 1 1
2.0149031 2.3160136 -.018389493 2.2106771 2.3965478 0 0 0 0 0 0 13 13 13 13 13 1 1 1 1 1
1.2947272 1.3567108 1.2714148 1.4383008 1.9810325 0 0 0 0 0 0 14 15 15 16 16 1 1 1 1 1
2.0554049 2.2352612 2.3437097 2.3047438 1.3177382 0 0 1 1 1 1 12 12 12 12 12 0 1 1 1 1
1.2669476 1.1669542 1.3171082 1.3146869 1.5252305 0 0 0 0 1 0 12 13 14 14 14 1 1 1 1 1
1.6094379 2.1462898 1.3245246 1.8187914 1.0022212 0 0 0 0 0 1 12 12 12 12 12 1 1 1 1 1
1.8870696 1.906757 2.1458006 2.2357509 2.0680437 1 1 1 1 1 1 13 13 13 14 15 1 1 1 1 1
1.3862944 1.9913914 .59628612 1.9112073 2.0398729 0 1 1 1 1 1 12 13 13 13 13 1 1 1 1 1
1.3217559 1.7985435 1.755923 1.8115398 1.7034007 0 0 0 0 0 1 10 10 10 10 10 0 0 0 1 1
2.1575594 1.9334627 1.8735284 1.8259909 1.8124344 0 1 1 1 1 1 12 12 12 12 12 1 1 1 1 1
1.8718022 -.13631679 2.3248668 2.0499949 2.0364385 0 0 0 0 0 0 15 16 16 16 16 1 0 0 0 0
2.2638443 1.4687159 2.2766199 2.4493251 2.3965478 0 0 0 1 0 0 18 18 18 18 18 1 1 1 1 1
-.47803581 1.6753889 1.8164536 1.8057003 1.8152997 0 0 0 1 1 0 16 16 16 16 16 1 1 1 1 1
1.8900954 2.1695595 1.9369104 1.8231174 1.8923668 0 0 0 0 0 0 15 15 15 15 15 1 1 1 1 1
2.3025851 1.7175745 2.3560774 2.4477854 2.6741796 1 1 1 1 1 0 17 17 18 18 18 1 1 0 0 1
2.3025851 2.7065461 1.7151011 1.6877342 1.91074 0 0 0 0 0 1 14 15 16 16 16 1 1 0 0 1
1.6233408 1.6949451 1.8269405 1.7008277 1.7921439 0 0 0 0 0 0 14 14 14 14 14 1 1 1 1 1
1.7491999 1.3835088 1.309636 1.7249254 1.2571136 0 0 0 1 1 1 12 12 12 12 12 1 1 1 1 1
2.2375131 2.0005121 1.77337 1.4938136 2.3157716 0 0 0 0 0 0 12 13 13 13 13 1 1 1 1 1
1.7833912 1.7037094 1.8104113 1.8952707 1.5953701 0 0 0 0 0 0 12 12 12 12 12 1 1 1 1 1
.37156358 .65114099 .32880679 1.5891238 .96943152 0 0 0 0 0 1 10 10 10 10 10 1 1 1 1 1
1.0784096 1.2797496 .61648881 1.4233911 .56895393 0 1 1 1 1 0 5 5 5 5 5 1 1 1 1 1
1.5686159 1.4620713 1.309636 1.3499433 .78710997 1 0 1 0 0 1 9 9 9 9 9 1 1 1 1 1
1.2527629 1.2107568 1.2765962 1.5891238 1.2571136 0 0 0 0 1 1 10 10 10 10 10 1 1 1 1 1
1.2089603 1.4620713 1.3343287 1.1285304 1.2394587 0 0 0 0 0 1 12 12 12 12 12 1 1 1 1 1
2.5257287 1.899609 2.0238106 1.9059232 2.1336234 0 0 0 0 0 1 13 13 13 13 13 1 1 1 1 1
1.7491999 1.6627419 2.1349075 1.6761352 1.1925751 0 0 0 0 0 1 12 12 12 12 12 1 1 1 1 1
1.6882491 2.0005121 2.0201318 2.0173578 2.0410151 1 1 1 1 1 0 11 11 11 11 11 1 1 1 1 1
2.5257287 2.666044 2.6247029 2.648176 2.693388 0 0 0 0 1 1 14 14 14 14 14 1 1 1 1 1
1.5129271 1.7905753 2.0395973 2.041935 1.9502608 0 0 0 0 0 1 13 13 13 13 13 1 1 1 1 1
1.2089603 1.2107568 1.309636 1.925596 1.5290473 0 0 0 0 0 1 12 12 12 12 12 1 1 1 1 1
1.3609766 1.6443928 1.6097406 1.5707747 1.1235822 0 0 0 1 1 0 13 13 13 13 13 1 1 1 1 1
2.0373166 2.2029498 2.1338115 1.6711226 2.1693964 1 1 1 1 1 1 11 11 11 11 11 1 1 1 0 1
1.5368673 1.3442882 1.7462767 1.8173453 1.91074 1 1 1 0 1 0 10 10 10 10 10 1 1 1 0 1
1.7561322 1.7175745 1.7796397 1.7939181 2.1008337 0 0 0 0 1 0 12 12 12 12 12 1 1 1 1 1
1.2527629 1.3442882 1.5720003 1.3194602 1.8167294 0 0 0 0 0 0 12 12 12 12 12 1 1 1 1 1
2.5533438 2.6189525 2.631392 2.7669394 2.7891302 0 0 0 0 0 1 11 11 11 11 11 1 1 1 1 1
1.4701759 1.494861 1.5327796 1.5891238 1.8857223 1 1 1 1 0 0 13 13 14 14 14 1 1 1 1 1
1.2809339 1.2107568 1.1761047 1.2580913 1.2240738 0 0 0 0 0 0 13 13 13 13 13 1 1 1 1 1
1.3635374 1.0829234 1.1761047 1.3499433 1.8682369 0 0 0 0 1 0 11 11 11 11 11 1 1 1 1 1
2.3025851 2.2605789 1.7151011 1.9787058 1.9651494 0 0 0 0 0 0 12 13 14 14 14 0 0 1 1 1
1.5040774 1.7071937 1.7951438 1.8302858 1.9502608 0 0 0 0 0 1 6 6 6 6 6 1 1 1 1 1
1.4350845 1.5674317 1.6280898 2.1869607 1.8167294 0 0 0 0 0 1 10 10 10 10 10 1 1 1 1 1
2.4680996 2.4773018 2.5065842 2.5411327 2.5324764 1 1 1 1 1 1 14 14 14 14 14 1 1 1 1 1
1.6505798 1.6771826 1.8505057 1.7714454 1.7379954 0 0 1 1 1 0 14 14 14 14 14 1 1 1 1 1
2.0668628 2.0547841 1.7151011 2.4870653 2.5868375 0 1 1 1 1 1 11 11 11 11 11 1 1 1 1 1
1.9257075 2.0121176 2.0225859 2.1154649 1.8857223 1 1 1 1 1 0 13 13 13 13 13 1 1 1 1 1
1.4816046 1.4620713 1.5327796 1.5539676 1.6303998 0 1 1 1 1 0 12 12 12 12 12 1 1 1 1 1
1.9865035 2.1552184 2.0027833 1.9638172 2.0680437 0 0 0 0 0 1 13 13 13 13 13 1 1 1 1 1
1.9657128 1.899609 -.076658361 -.71346128 1.2571136 1 0 0 0 0 0 10 10 10 10 10 1 1 1 0 1
1.8961195 1.9728968 1.9448893 1.388453 1.9502608 0 0 0 1 1 0 14 14 14 14 14 1 1 1 1 1
.91629076 1.5369725 .15445335 3.0481615 2.2956219 1 0 0 0 1 0 16 16 16 16 16 1 1 0 0 0
1.7917595 2.0374353 2.1746335 1.5614722 1.6286771 0 0 0 0 0 1 13 14 14 14 14 1 1 1 1 1
2.2049723 2.2823405 2.1205664 1.9799366 2.0444338 0 0 0 0 0 1 12 12 12 12 12 1 1 1 1 1
1.7766458 2.0399323 2.00528 2.0499949 2.1734042 1 1 1 1 1 0 12 12 12 12 12 1 1 1 1 1
1.8702625 1.7662826 1.8254491 1.6335756 1.8518207 1 1 1 1 1 1 8 12 12 12 12 1 1 1 1 1
1.9387417 2.027385 2.0335548 2.0361381 2.0398729 1 1 1 1 1 1 9 9 9 9 9 0 0 0 0 1
1.7491999 1.812728 2.0551386 2.0816002 2.1315401 0 0 0 1 1 0 12 12 12 12 12 1 1 1 1 1
2.1400661 2.0374353 2.1479652 2.2985022 2.3235469 1 1 1 1 1 1 4 4 4 4 4 1 1 1 1 1
1.658228 1.6350904 1.6461082 1.7169572 1.3748966 0 0 0 0 0 1 9 9 9 9 9 1 1 1 1 1
1.5748465 1.6717918 2.2860806 1.9774735 1.9402105 0 0 0 0 0 0 13 13 13 13 13 1 1 1 1 1
2.2224591 2.1552184 1.9382447 2.0042391 2.2466547 0 0 0 0 0 1 12 12 12 12 12 1 1 1 1 1
1.3217559 1.3189704 1.2919811 1.3194602 1.930058 0 0 0 0 0 0 15 15 15 15 15 1 1 1 1 1
1.9095426 1.9431248 1.9180419 1.9638172 1.9810325 0 0 0 0 1 1 12 12 12 12 12 1 1 1 1 1
1.6677068 1.8967354 1.9043431 1.9638172 1.9810325 0 0 0 0 0 1 10 10 10 10 10 1 1 1 1 1
1.7227666 1.7530811 1.8012788 1.7864832 1.8210059 0 0 0 0 0 0 15 16 16 16 16 1 1 1 1 1
1.7281095 1.6124051 1.8269405 2.0291367 1.870947 0 0 0 0 0 1 12 12 12 12 12 1 1 1 1 1
1.9530276 1.9728968 1.5834727 1.3499433 3.0171244 0 0 0 0 0 1 12 12 12 12 13 0 0 0 0 0
1.7263316 1.9979146 1.7780759 1.2855586 1.6217567 0 0 0 0 0 0 12 12 12 12 12 0 0 0 0 0
2.1758876 2.2187147 2.3437097 2.2555535 2.2335582 0 1 1 0 1 1 12 12 12 12 12 0 0 0 0 0
1.9050881 1.7662826 1.8387926 1.093336 1.4394352 1 1 1 1 1 0 8 8 8 8 8 0 0 0 0 0
1.8453002 2.150764 2.0176718 2.2309778 2.2174213 0 0 0 1 1 1 14 14 14 14 14 0 1 0 1 1
1.5260563 1.2107568 1.9382447 2.3371034 2.0132356 1 0 0 0 0 1 12 12 12 12 12 0 0 1 1 1
1.3862944 1.5674317 1.309636 .93169463 1.4012139 0 0 0 0 0 1 11 11 11 11 11 1 1 1 1 1
1.2089603 1.1366488 1.1703739 1.0443966 .96943152 0 0 0 0 0 1 13 13 15 15 15 1 1 1 1 1
1.8325815 1.7711886 1.8918517 1.8259909 1.9882789 1 1 1 1 1 1 8 8 8 8 8 1 1 1 1 1
1.2383742 1.9728968 1.309636 1.6035645 2.2876253 1 1 1 1 1 1 12 12 12 12 12 1 1 1 1 1
1.2809339 1.5813346 1.755923 1.1371386 1.9364153 0 0 1 1 1 0 12 12 12 12 12 0 0 1 1 1
1.2089603 1.1669542 1.3367647 1.093336 1.6692232 0 0 0 0 0 0 12 13 14 14 16 1 1 1 0 1
1.704748 1.4327569 1.7827598 1.6761352 1.8989675 0 0 0 0 0 1 13 13 13 13 13 1 1 1 0 1
1.7664417 2.0897906 2.2259266 2.1143901 2.0680437 0 1 1 1 1 1 13 13 13 13 13 1 1 1 1 1
2.0943301 2.3093691 2.0923953 2.0715499 2.1008337 0 0 0 0 0 0 15 15 15 15 15 1 1 1 1 1
1.3506671 1.5950469 1.6461082 1.4938136 2.1971209 0 0 0 0 0 0 14 14 16 16 18 1 1 1 1 1
1.2947272 1.3189704 1.2530657 1.388453 1.3748966 0 0 0 0 0 1 8 8 8 8 8 0 0 0 0 0
1.9671124 1.8967354 1.911216 1.8722501 1.905525 1 1 1 1 1 0 12 12 12 12 12 0 0 0 0 0
1.3862944 1.8601013 1.8417338 2.024442 2.7295856 1 1 1 1 1 1 12 12 12 12 12 1 1 1 1 1
1.6992786 1.5833051 1.4094813 1.4550728 2.0812891 1 1 1 1 1 0 14 14 14 14 14 0 0 0 1 1
1.0296195 1.1669542 1.1323019 1.2706701 1.2571136 0 0 0 0 0 0 12 13 14 15 16 1 1 1 1 1
1.5769148 1.6462429 1.755923 1.8302858 1.9002824 0 0 0 0 0 0 14 14 14 14 14 1 1 1 1 1
-.1625189 1.1729065 1.1382544 1.1371386 1.3748966 0 0 0 0 0 0 12 12 12 12 12 0 0 0 0 0
1.3987169 1.4620713 1.5777529 1.4233911 1.3614736 1 1 1 1 1 0 11 11 11 11 12 0 0 0 0 0
1.8625286 .93631995 1.4229647 2.0453973 2.1754024 1 1 1 1 1 0 12 12 13 14 14 0 0 0 0 0
1.9021075 1.9702266 2.0503821 2.0361381 2.2335582 1 1 1 1 1 1 12 12 12 12 12 0 0 0 0 0
.69314718 1.1669542 1.4814863 1.8302858 1.5590682 0 0 0 0 0 1 10 11 11 11 11 0 0 0 0 0
1.5706971 1.6275856 1.1323019 1.2706701 1.6165347 0 0 0 0 0 0 12 12 12 12 12 0 0 0 0 0
1.2089603 1.1963681 1.4049462 1.720152 1.905525 0 0 0 0 0 1 10 11 12 12 12 0 0 0 0 0
1.2296406 .90189976 1.413996 1.6177995 1.8573228 0 0 0 0 0 0 16 16 16 16 16 0 1 1 1 1
1.4182774 1.2389276 1.4274191 1.1371386 1.4702067 0 0 0 0 0 1 10 11 11 11 12 1 1 1 1 1
1.8718022 1.7905753 1.8692518 1.6761352 1.9502608 1 1 1 1 1 0 14 14 14 14 14 1 1 1 1 1
1.2089603 1.7175745 1.6863586 1.7561778 1.7729268 0 0 0 0 0 0 15 15 15 15 15 1 1 1 1 1
1.446919 1.3689808 1.5327796 1.7169572 1.7979833 0 0 1 1 1 1 12 12 12 12 12 1 1 1 1 1
1.3862944 1.306067 .61648881 .58251035 1.1925751 0 0 0 0 0 0 14 14 14 14 14 1 1 1 1 1
1.453953 1.6350904 1.808895 1.7561778 1.5755672 1 1 1 1 0 1 16 16 16 16 16 1 1 1 1 1
1.3217559 1.1669542 1.4274191 1.4938136 1.0339701 0 0 0 0 0 1 11 11 11 11 11 1 1 1 1 1
.91629076 1.2107568 .97066063 1.093336 1.0797796 0 0 0 0 0 1 13 13 13 13 13 1 1 1 1 1
1.2527629 1.2107568 1.1761047 1.131408 1.1925751 1 1 1 1 1 0 10 10 10 10 10 0 0 0 0 0
1.5789787 1.306067 1.2450975 1.4425203 1.4559644 0 1 1 1 1 0 12 12 12 12 12 1 1 1 1 1
1.7083778 1.8282564 1.8848439 1.9725292 2.066932 0 0 0 0 0 1 13 13 13 13 14 0 0 0 0 0
1.2089603 1.7825431 .93494254 .32263058 1.0797796 0 0 0 0 0 0 12 12 12 12 12 1 1 1 1 1
2.5486636 2.4980197 2.432941 2.5529919 2.5005474 0 0 0 0 0 1 13 13 14 15 15 1 1 1 1 1
1.7630169 2.0082641 1.9736118 1.9897286 2.0680437 1 1 1 1 1 1 12 12 12 12 12 1 1 1 1 1
1.5040774 1.2929949 1.6097406 1.6370478 1.2842423 1 1 1 1 1 0 12 12 12 12 12 0 0 0 0 0
1.2237755 1.5328403 1.4162457 1.4938136 1.719274 1 1 1 1 1 0 14 14 14 14 14 1 1 1 1 1
2.4630017 2.5753896 2.5822015 2.484098 2.6193714 0 0 0 0 0 1 14 14 14 14 14 0 0 0 0 0
1.3862944 1.5674317 1.5023204 1.5330342 1.5000597 0 0 0 1 1 0 15 16 16 16 16 1 1 1 1 1
1.8325815 2.1236131 1.8721049 2.0161724 1.8857223 0 0 0 0 0 1 15 15 15 16 16 1 1 1 1 0
1.3217559 1.2107568 1.4274191 1.3950977 1.2939276 0 0 0 0 0 1 12 12 12 12 12 1 1 1 1 1
0 1.5674317 1.2450975 1.2706701 1.3837463 0 1 1 1 1 1 10 10 10 10 10 1 1 1 0 1
1.5454326 1.4620713 1.4274191 1.5891238 1.5953701 0 0 0 0 0 1 12 12 12 12 12 1 1 1 1 1
1.4231083 1.6104912 1.7151011 1.9762398 1.6625787 0 0 0 0 0 1 13 13 14 14 14 1 1 1 1 1
1.2809339 1.3835088 1.4274191 1.5799912 1.8586936 0 0 0 0 0 0 13 14 15 15 15 1 1 1 1 1
.3220835 2.7710044 1.1761047 1.3545516 1.2769163 0 0 0 0 0 1 12 12 12 12 12 1 1 1 1 1
1.3350011 1.3442882 1.3488567 1.7759805 1.2188923 1 0 0 0 0 0 13 13 13 13 13 1 1 1 1 1
0 1.7905753 1.7067329 1.7169572 2.0557463 0 0 0 0 0 0 14 15 15 16 16 1 1 1 1 1
1.2527629 1.2797496 1.2450975 1.1371386 1.1235822 0 0 0 0 0 1 12 12 12 12 12 1 1 1 1 1
.9932518 1.4775071 1.4274191 1.4488162 1.7286785 1 1 1 1 1 0 15 15 15 15 15 1 1 1 1 1
1.0986123 1.2956229 1.309636 1.0349478 1.1925751 0 0 0 1 1 0 12 13 13 13 13 1 1 1 1 1
.37156358 1.2107568 1.0611746 1.2706701 1.179152 0 1 0 0 1 0 12 12 12 12 12 1 1 1 1 0
1.4951488 1.7210108 1.6004382 1.5614722 1.9626833 0 0 0 0 0 0 12 12 12 12 12 1 1 1 1 1
1.3402504 1.3859099 1.4049462 1.3002288 1.5572182 0 0 0 0 0 0 13 13 13 13 14 1 1 1 0 1
1.5040774 1.4991529 1.5327796 1.4276737 1.8857223 0 0 0 0 1 1 11 11 11 12 12 1 1 1 1 1
1.3862944 1.2136098 1.1323019 1.7909508 2.5098765 0 0 0 0 0 1 10 10 10 10 10 1 1 1 1 1
1.6389967 1.5674317 1.5815697 1.4276737 -2.1694016 0 0 0 0 0 1 12 12 12 12 12 1 1 1 1 1
1.9387417 2.0121176 2.0515733 1.5891238 1.8379316 0 0 1 1 1 1 12 12 12 12 12 1 1 1 1 1
1.6974488 1.7192941 1.808895 1.7699291 1.9313327 0 0 0 0 0 0 12 12 12 12 12 1 1 1 1 1
1.7917595 1.3442882 1.309636 1.2830926 1.7979833 0 0 0 0 0 1 12 12 12 12 12 1 1 1 1 1
1.2527629 1.1669542 1.1323019 1.4938136 1.7426214 0 0 0 0 1 1 7 7 7 7 7 1 1 1 1 1
1.658228 1.7497534 1.4814863 1.4978056 1.7714331 0 0 0 0 0 1 12 12 12 12 12 0 0 0 0 0
2.0794415 2.0374353 2.1923699 2.4493251 2.5881596 0 0 0 0 1 1 16 17 17 17 17 0 0 0 0 0
1.2089603 1.1669542 1.2208048 1.1371386 1.937682 0 0 0 0 0 1 14 14 14 15 16 1 0 0 0 1
1.2089603 1.6257007 1.3981047 1.6761352 1.3455822 0 0 0 1 1 1 11 11 11 12 12 0 0 0 0 0
1.2412686 1.2136098 2.8677807 1.2706701 1.3177382 0 0 0 0 0 1 12 12 12 12 12 0 0 0 0 0
1.9810015 1.9389954 2.1370955 2.1133142 2.2641587 1 1 1 1 1 0 14 14 14 14 14 0 0 0 0 0
1.5040774 .73731869 1.1323019 1.2193767 1.3903325 0 1 0 0 0 0 12 12 12 12 12 0 0 0 0 1
1.8718022 1.1669542 .83963233 1.7169572 1.8857223 0 0 0 0 0 1 14 14 14 14 14 0 0 1 1 1
0 -.04200618 .83963233 .80066639 .093962774 1 1 1 1 1 0 12 12 12 12 12 0 0 0 0 0
1.6937791 1.7497534 1.7951438 1.7804952 1.7979833 1 1 1 1 1 1 5 5 5 5 5 0 0 0 0 0
1.0986123 1.1817694 1.1323019 1.1653095 2.1734042 0 0 0 1 1 0 10 11 12 12 12 1 1 1 1 1
1.8931119 1.2107568 1.5327796 1.5330342 2.5788693 1 1 1 1 0 1 9 9 9 9 9 0 0 0 0 0
1.3558352 1.4620713 1.7151011 1.6107073 1.4802572 1 1 1 1 1 1 12 12 12 12 12 0 0 0 0 0
1.0986123 1.1669542 1.1323019 1.1371386 1.4802572 0 0 0 0 0 1 9 9 9 9 9 0 0 0 0 0
1.7351891 1.5098026 1.6189573 1.6761352 1.4076865 0 1 1 1 1 1 12 12 12 12 12 0 0 0 1 1
1.5260563 1.9795414 2.1316161 2.450094 2.4808891 1 1 1 1 1 1 13 13 13 13 13 1 1 1 1 1
1.6563214 1.1876345 1.7397938 1.7804952 1.8883853 0 0 0 0 0 0 12 13 13 13 13 1 1 1 1 1
1.5040774 1.9292932 1.9382447 1.8992788 2.0932782 0 0 0 0 0 0 12 12 12 12 12 1 1 1 1 1
1.3862944 1.3442882 1.5815697 1.4938136 1.4802572 1 1 1 1 1 0 12 12 12 12 12 1 1 1 1 1
1.4350845 1.3640908 1.755923 1.9638172 2.0680437 0 0 1 1 1 1 7 7 7 7 7 1 1 1 1 1
1.6351057 1.7071937 1.8592014 1.9945889 1.9185121 1 1 1 1 1 0 12 12 12 12 12 1 1 1 1 0
1.8213183 1.870495 2.3437097 1.9242965 2.6038873 0 0 0 0 0 1 12 12 12 12 12 1 1 1 1 1
1.637053 1.2107568 1.2504166 1.5155751 1.6625787 0 0 0 0 0 1 16 16 16 16 16 1 1 1 1 1
2.3174736 2.8455839 1.77337 1.5891238 1.8252642 0 0 0 0 0 1 12 12 12 12 12 1 1 1 1 1
1.2527629 1.3906946 1.8012788 1.5426037 1.4141173 1 1 1 0 0 1 12 12 12 12 12 1 1 1 1 1
1.678964 2.4429004 1.2180688 1.6422336 1.4802572 0 0 0 0 0 0 13 13 14 14 14 1 1 1 1 1
1.6094379 2.0980599 2.1138771 2.5924258 2.8665514 0 0 0 0 0 1 16 16 16 17 18 1 1 1 1 1
1.9657128 1.9979146 1.9645619 2.1186819 2.1633539 0 0 0 0 0 0 14 14 14 14 14 1 1 1 1 1
2.0149031 2.1178627 2.2622585 2.041935 2.5275762 1 1 1 1 1 1 7 7 7 7 7 1 1 1 1 1
1.5040774 1.6843255 1.1263139 1.7233367 1.9133375 0 0 0 0 0 1 12 12 12 12 12 1 1 1 1 1
1.5686159 2.0374353 2.2259266 2.1869607 2.1336234 0 0 0 0 0 1 11 11 11 11 11 1 1 1 1 1
1.8976198 2.0374353 1.6829221 1.8302858 2.0108855 0 0 0 0 0 1 12 12 12 12 12 1 1 1 1 1
1.2089603 1.1963681 1.2843182 1.6160313 1.905525 0 0 0 1 0 1 13 13 13 13 13 1 1 1 1 1
2.0268316 2.1155531 2.2515945 2.3996499 2.775532 1 1 1 1 1 1 16 16 16 16 16 1 1 1 1 1
2.4141264 2.3495052 2.5230639 2.3980317 2.4630842 1 1 1 1 1 0 16 16 16 16 16 1 1 1 1 1
2.2375131 1.8763859 2.2991772 2.4353821 2.3917363 0 0 0 0 0 1 12 12 12 12 12 1 1 1 1 1
1.6094379 1.7497534 1.755923 2.1513336 2.1336234 0 0 0 0 0 0 15 15 15 15 15 1 1 1 1 1
1.8578593 1.6275856 1.5872678 1.6265947 1.8736496 0 0 0 0 1 0 16 16 16 16 16 1 1 1 1 1
1.8131948 2.1695595 2.2813613 2.2423954 2.3965478 0 0 0 0 0 0 15 15 15 15 15 1 1 1 1 1
1.1724821 1.139721 1.5327796 1.8858557 1.6625787 1 1 1 1 1 1 9 9 9 9 9 1 1 1 1 1
1.4562867 1.473121 .89032561 1.1227499 1.4141173 1 1 1 1 1 0 14 14 14 15 15 1 1 1 1 1
-.10536055 1.1669542 1.0579643 .49956134 .99574882 0 0 0 1 0 1 8 8 8 8 8 0 1 1 1 1
1.2669476 1.2797496 1.2450975 1.6335756 1.7803617 0 0 0 0 0 0 12 13 14 14 14 1 1 1 1 1
1.2089603 1.5182415 1.5720003 1.2706701 1.1433848 0 0 0 0 0 1 12 12 12 12 12 1 1 1 1 1
1.4951488 2.0286469 1.8988106 2.2203956 2.2466547 0 0 0 0 0 1 11 11 11 11 11 1 1 1 1 1
1.5851452 1.5872343 1.5929335 1.6089264 1.6200191 1 1 1 1 1 0 9 9 9 9 9 1 1 1 1 1
1.5325569 1.3492757 2.0634079 2.4275513 3.1004372 0 0 1 1 1 1 20 20 20 20 20 1 1 0 0 0
2.6347623 2.6910617 2.8014159 2.8155694 2.9449005 1 1 1 1 1 1 17 17 17 17 17 1 1 1 1 1
1.8099267 1.5674317 1.755923 1.8992788 1.9502608 0 1 1 1 1 1 11 11 11 11 11 1 0 0 1 0
1.3862944 1.1669542 1.2765962 1.7561778 1.1925751 0 0 0 1 0 1 9 12 12 13 13 0 0 1 1 1
1.446919 1.4049128 1.4274191 1.4425203 1.4076865 1 1 1 1 1 0 12 12 12 12 12 1 0 1 1 1
.22314355 1.5161384 2.1512032 1.6473927 1.2162915 0 0 0 0 0 1 10 10 10 10 10 1 1 1 1 1
2.0412202 1.3835088 2.7114346 1.8514881 2.1734042 0 0 0 0 0 1 12 12 12 12 12 1 1 1 1 1
1.2383742 1.3591768 1.520707 1.6677668 1.8923668 0 0 0 0 0 0 13 13 13 13 13 1 1 1 1 1
1.7263316 2.4029462 2.432941 2.42519 2.4342289 0 0 0 0 1 1 12 12 12 12 12 1 1 1 1 1
.4054651 .91350526 1.1761047 1.093336 1.1235822 0 0 0 0 0 0 13 14 15 15 15 1 1 1 1 1
1.2809339 1.1963681 1.1471171 1.7169572 1.8167294 0 0 0 0 1 1 12 13 14 15 15 1 1 1 1 1
1.3083328 2.0374353 2.1093929 1.8144468 1.853199 0 0 0 0 0 0 16 16 16 16 16 1 1 1 1 1
1.4770488 1.4327569 2.1338115 1.9921616 1.91074 0 0 0 0 1 1 14 15 16 16 16 1 1 0 0 1
1.7083778 2.1552184 1.309636 2.3371034 2.1734042 1 1 1 1 1 1 17 17 17 17 18 1 1 1 0 1
2.2115657 2.1518795 2.325772 2.3701153 2.3965478 0 0 0 1 1 0 16 16 16 16 16 1 1 1 0 0
2.3025851 2.4756904 2.3239605 2.2849946 2.239192 1 1 1 1 1 1 14 14 14 14 14 1 1 1 1 1
2.1065702 2.0742493 1.9902045 2.0816002 2.1693964 0 0 0 0 0 0 16 16 16 16 16 1 1 1 1 1
2.7298117 2.7368131 2.640682 2.7808399 2.775532 0 0 0 1 1 1 17 17 17 17 17 1 1 1 1 1
2.3942523 2.4353721 2.5238066 2.4848406 2.7341623 1 1 1 1 1 1 17 17 17 17 17 1 1 1 1 1
2.2224591 2.1880083 2.0479956 1.307484 2.2288389 1 1 1 1 1 1 16 16 16 17 17 1 1 0 1 1
.79299253 1.1788238 1.1323019 1.093336 2.3965478 0 0 0 0 1 1 16 17 17 18 18 0 0 0 0 1
1.2947272 1.1519163 1.1902893 1.1791029 1.179152 1 1 1 1 1 0 8 8 8 8 8 1 0 0 0 1
1.3164083 2.0146785 1.5545411 1.5891238 1.5791972 1 1 1 1 1 0 14 14 14 14 14 1 1 1 1 1
1.2527629 1.5161384 1.3391948 1.4233911 1.4518577 0 0 0 0 0 1 10 11 12 12 12 1 1 1 1 1
1.6094379 1.6627419 1.7316304 1.9059232 2.3096819 0 0 0 0 0 0 12 12 12 13 13 1 1 1 1 1
1.2383742 1.4576169 1.2450975 1.3591387 1.7395397 0 0 1 1 1 0 12 12 12 12 12 1 1 1 1 1
1.8325815 2.5934734 2.8798132 .61674356 2.7472048 1 1 1 1 1 1 17 17 17 17 17 1 1 1 1 1
1.9473377 1.9728968 1.8649569 1.9799366 1.8923668 1 1 1 1 1 1 13 13 13 13 13 1 1 1 1 1
2.5257287 1.4304659 1.3245246 2.1356676 2.3965478 0 0 0 0 0 1 12 12 12 12 12 1 1 1 1 1
2.0347056 2.068207 2.0923953 2.1218886 2.0398729 1 1 1 1 1 1 12 12 12 12 12 1 1 1 1 1
1.011601 .96595174 1.1142292 1.4898056 1.4762491 0 0 0 0 0 1 12 12 12 12 12 1 1 1 1 1
1.5040774 1.6350904 1.9671559 1.9712893 2.0680437 0 0 0 0 1 1 11 11 11 11 11 1 1 1 0 1
1.2527629 1.3442882 1.3702606 1.4938136 1.7441587 0 0 0 0 1 1 12 13 13 13 13 1 1 1 1 1
1.2527629 1.4620713 1.7951438 1.8302858 1.2571136 0 0 0 0 0 1 12 12 12 12 12 1 1 1 1 1
2.6041701 2.636272 2.6680453 2.7669394 2.7505794 0 0 0 0 1 1 12 12 12 12 12 1 1 1 1 1
1.6193882 .79956096 2.1205664 .69530588 .59836775 1 1 1 1 1 0 12 12 12 12 12 1 1 1 1 1
.50681758 .18113735 .20852061 -.038663246 .97607607 0 0 0 0 0 1 13 14 15 15 15 0 0 0 0 0
1.3056265 1.2472265 1.755923 2.0361381 2.2438629 0 0 0 0 0 1 12 12 12 12 12 1 1 1 1 1
1.2809339 1.2797496 1.2450975 1.2061316 1.0945947 0 0 0 0 0 0 9 9 9 9 9 1 1 1 1 1
2.0149031 1.5674317 2.2259266 1.8992788 2.355726 0 0 0 1 1 1 12 12 12 13 13 1 1 1 1 1
1.704748 1.8675363 1.9710345 1.9945889 1.9810325 0 0 0 0 0 1 12 12 12 12 12 1 1 1 0 1
2.4060438 2.4429004 2.4959538 2.5769739 2.6161652 0 0 0 0 0 0 14 14 14 14 14 1 1 1 1 1
1.7578579 .48862213 1.5891598 1.9799366 1.5422926 0 0 0 1 1 0 11 11 11 11 11 0 0 1 1 1
1.178655 1.7905753 1.1323019 1.1653095 1.6823813 0 0 0 1 1 0 12 13 14 14 15 1 1 1 1 1
1.7137979 1.5472291 1.4493979 1.4938136 1.3925182 0 0 0 0 0 1 11 11 11 11 11 1 1 1 1 1
1.2089603 1.2107568 1.6280898 1.4938136 1.7803617 0 0 0 0 0 0 12 14 14 15 16 0 0 0 1 1
1.6094379 1.1876345 1.4274191 1.3312947 1.7426214 0 0 0 0 0 1 11 11 12 12 12 1 1 1 1 1
1.7137979 1.7580521 1.7951438 1.7328305 1.6303998 0 0 0 0 1 0 13 13 13 13 13 1 1 1 1 1
1.3862944 1.4441335 1.5125768 1.5501939 1.6389688 1 1 1 1 1 0 9 9 9 9 12 1 1 1 1 1
1.3862944 1.3442882 1.309636 1.3312947 1.3177382 1 1 1 1 1 1 9 9 9 9 9 1 1 1 1 1
1.2089603 1.2797496 1.309636 1.3312947 1.2188923 1 1 1 1 1 0 12 12 12 12 12 1 1 1 1 1
1.2089603 1.2249414 1.161716 1.0992883 1.449798 0 0 0 0 0 1 12 12 12 12 12 1 1 1 1 1
1.658228 1.6627419 1.755923 1.7561778 2.2288389 0 0 0 0 0 1 12 14 14 15 16 0 0 0 0 0
0 1.5674317 1.2450975 2.7465765 2.7330201 1 1 1 1 1 0 10 10 10 10 10 0 0 0 0 0
2.3025851 1.0227046 1.0864925 1.7008277 1.3059037 1 1 1 1 1 0 9 9 9 9 9 0 0 0 0 0
1.5040774 1.4620713 1.2504166 2.2261815 2.1336234 0 0 0 1 1 1 14 14 14 14 14 1 1 1 1 1
1.4109869 1.5674317 1.4162457 1.5927535 1.7271173 0 0 0 0 0 1 15 15 16 16 16 1 1 1 1 1
1.1314021 .87428451 1.755923 1.3682504 1.3524238 0 0 1 1 1 1 12 12 12 12 12 0 0 0 0 0
1.2089603 1.8851579 1.5327796 1.7561778 1.8857223 0 0 0 0 0 1 10 10 10 10 10 0 0 0 0 0
1.3862944 1.6627419 1.5466825 1.3429908 1.4802572 0 0 0 0 0 0 12 12 12 12 12 0 0 0 0 0
1.1631508 1.5076817 1.4730296 1.8259909 -.033870567 0 0 0 0 0 0 14 14 14 14 14 0 0 0 0 0
1.7491999 2.068207 1.585372 1.7169572 1.6625787 0 0 0 0 1 1 9 9 9 9 9 0 0 0 0 0
1.7749524 1.837459 1.8974227 2.1869607 2.0680437 0 0 0 0 0 1 12 12 12 12 12 0 0 0 0 0
1.446919 1.5674317 1.7151011 1.9638172 1.9502608 0 1 0 0 0 1 10 10 10 10 10 1 1 1 1 1
1.1474025 1.3616369 1.3981047 1.4978056 -1.2079904 1 1 1 1 0 0 12 12 12 12 12 1 1 1 1 0
1.446919 1.6914177 1.5287716 1.8259909 1.8923668 0 0 0 0 0 0 12 12 12 12 12 1 1 1 1 1
1.2089603 1.5055563 1.1172642 1.9970102 2.3852847 0 0 0 0 0 0 14 15 16 18 19 1 1 1 1 1
1.6658182 1.829796 2.0027833 1.7169572 2.0073497 0 0 0 0 0 0 12 12 12 12 12 1 1 1 1 1
1.6094379 1.3392757 .94218898 .87391686 1.0086522 1 1 1 1 1 1 8 8 8 8 8 0 0 0 1 1
1.3862944 1.6181248 1.7951438 1.6335756 1.9081359 1 1 1 1 1 1 8 8 8 8 8 0 0 0 0 0
1.3862944 1.6066525 1.9761825 2.0749111 2.1873074 0 0 0 0 0 0 16 17 17 17 17 1 0 1 1 1
.78845739 .93631995 .79881048 1.3568478 1.2110696 1 1 1 1 1 0 12 12 12 12 12 0 0 0 0 0
1.2237755 -.082828201 1.4919577 1.5707747 1.7034007 0 0 0 0 0 0 12 12 12 12 12 0 0 0 0 0
1.6094379 1.4620713 1.5872678 1.5891238 1.2188923 0 0 0 0 0 1 8 8 8 8 8 1 1 1 1 1
1.178655 1.4350426 1.4493979 1.4082557 1.5194777 0 0 0 0 0 0 12 12 12 12 12 1 1 1 1 1
.73236787 1.8541132 1.6760137 1.2706701 1.3748966 0 0 0 0 0 1 9 9 9 9 9 1 1 1 1 1
1.5892352 1.8480892 2.1576478 1.8416495 2.0049856 0 0 0 0 0 0 15 16 16 16 16 1 1 0 1 1
1.2527629 1.6443928 1.6097406 1.7089249 1.8195825 0 0 0 0 0 0 12 12 12 12 12 1 1 1 1 1
1.2089603 1.1669542 1.2714148 1.3146869 1.2842423 0 0 0 0 0 1 10 10 11 11 11 1 1 1 1 1
2.2512918 2.2754674 2.3752084 2.2666957 2.3681483 1 1 1 1 1 1 12 12 12 12 12 1 1 1 1 1
1.5581446 1.3442882 1.3981047 1.2061316 1.6200191 0 0 0 0 0 1 12 12 13 13 13 0 0 0 0 0
1.6448051 1.6443928 1.8988106 1.9848446 1.8817142 0 0 1 1 1 0 12 12 12 12 12 1 1 1 1 1
2.9957323 2.5970511 1.5327796 2.1461389 1.9663801 0 0 1 1 1 1 13 13 14 14 14 1 1 1 1 1
1.8484548 1.8601013 1.882027 1.7391099 1.7699372 1 1 1 1 1 0 11 11 11 11 11 1 1 1 1 1
1.686399 1.1669542 1.4274191 1.6761352 1.1545269 0 0 0 0 0 1 12 12 12 12 12 1 1 1 1 1
1.3862944 1.8541132 1.1959072 1.3591387 1.8337269 0 0 0 0 1 0 12 12 12 12 12 0 0 0 0 0
1.2089603 .58393228 2.3871949 2.3293281 2.2911873 0 0 0 0 0 0 12 13 13 13 13 0 0 0 0 0
1.043804 .80386209 1.309636 1.388453 1.4289639 0 0 0 0 0 1 8 8 8 8 8 0 0 0 0 0
1.2089603 1.0926164 1.2450975 1.2061316 1.2571136 0 0 0 0 0 1 9 9 9 9 9 0 0 0 0 0
.91629076 1.2417016 1.3391948 1.6508174 1.4802572 1 1 1 1 1 1 9 9 9 9 9 1 1 1 1 0
1.7263316 1.9194961 1.911216 1.3312947 1.4394352 1 1 1 1 1 0 12 12 12 12 12 1 1 1 1 1
2.8593397 2.1618631 2.5623989 2.7465765 2.5077314 0 0 0 0 0 1 13 14 14 14 14 1 1 1 1 1
1.6389967 1.6462429 1.8620833 2.3692825 1.8167294 0 0 0 0 0 1 12 12 12 12 12 0 0 0 1 0
1.8671761 1.8571118 2.1205664 2.4870653 2.5098765 0 0 0 0 0 1 13 13 13 13 13 1 1 1 1 1
1.7263316 1.3034662 1.9990262 2.0647931 2.2732496 0 0 0 0 0 1 11 11 11 11 12 1 1 1 1 1
1.508512 1.62192 1.6725415 1.9787058 1.6200191 1 1 0 0 0 1 14 14 14 14 14 1 1 1 1 1
1.6094379 1.5674317 1.5084869 1.4938136 1.4802572 0 0 0 0 1 1 12 12 12 12 12 1 1 1 1 1
1.2089603 .76892406 2.0634079 2.2223279 1.7426214 0 1 0 0 1 1 10 10 10 10 10 0 0 1 1 1
1.8405497 1.829796 1.4094813 1.4938136 1.7426214 1 1 1 1 1 1 10 10 10 12 12 0 0 0 0 1
1.7316556 1.9979146 1.5910485 1.5520825 1.8910414 1 1 1 1 1 1 12 12 12 12 12 1 1 1 1 1
2.0943301 1.7002128 2.4223156 2.1471798 2.5098765 1 1 1 1 0 1 12 12 12 12 12 0 0 0 0 0
1.1939224 1.373847 1.2450975 1.2061316 1.4802572 0 0 0 0 0 1 12 12 12 12 12 1 1 1 1 1
1.3862944 1.5182415 1.594815 1.6761352 2.1083324 0 0 0 0 0 1 14 14 14 14 14 1 1 1 1 1
1.5644406 1.5674317 1.7951438 1.8302858 1.8857223 0 0 0 0 1 1 12 12 12 12 12 1 1 1 1 1
2.0149031 2.666044 2.3922884 2.5864079 2.259582 1 1 1 1 1 1 12 12 12 12 12 1 1 1 1 1
1.3350011 2.1270475 2.0716093 1.9848446 1.8627948 0 1 1 1 1 1 12 12 12 12 12 1 1 1 1 1
2.0528409 2.5970511 2.4090812 2.4101043 2.5449679 1 1 1 1 1 1 14 14 14 14 14 1 1 1 1 1
1.7316556 1.8541132 2.2457294 2.1154649 2.1480865 1 1 1 1 1 1 12 12 12 12 12 1 1 1 1 1
2.3978953 2.2744818 2.27757 2.2386041 2.3565588 1 1 1 1 1 1 12 12 12 12 12 1 1 1 1 1
1.7491999 2.1039252 1.9825805 2.0816002 2.2221944 0 0 1 1 1 1 12 12 12 12 12 0 1 1 1 1
2.3427668 2.5970511 2.537081 2.5924258 2.6434078 1 1 1 1 1 1 12 12 12 12 12 1 1 1 1 1
2.0333977 1.9728968 1.8974227 2.1197519 1.8167294 1 1 1 1 1 1 11 11 11 11 11 1 1 1 1 1
2.678278 2.4536755 2.7218418 2.7350821 2.7186313 0 0 0 0 1 0 14 14 14 14 14 1 1 1 1 1
1.2267123 1.2663267 1.2843182 2.5054145 1.8351305 0 0 0 0 0 0 12 13 14 14 14 1 1 0 1 1
1.0577903 1.6843255 1.9382447 2.1089993 2.3787911 0 0 0 0 0 0 12 12 12 12 12 1 1 1 1 1
2.207175 2.1880083 2.2259266 2.1471798 2.1734042 1 1 1 1 1 0 14 14 14 14 14 1 1 1 1 1
1.2527629 1.2107568 1.0707442 1.2706701 1.3748966 0 0 0 0 0 1 12 12 12 12 12 1 1 1 1 1
2.3025851 2.5290782 1.6673105 2.0476987 2.3565588 1 1 1 1 1 1 12 12 12 12 12 1 1 1 1 1
2.1016922 1.6949451 1.6897833 1.5136162 2.3965478 0 0 0 0 0 1 9 12 12 12 12 1 1 1 1 1
1.446919 1.4395984 1.4493979 1.4529917 1.5000597 0 0 1 1 1 1 12 12 12 12 12 1 1 1 1 1
1.5282279 1.8313333 1.9514899 1.8086244 2.0237434 1 1 1 1 0 0 12 12 12 12 12 1 1 1 1 1
2.4078455 2.6231365 2.3777893 2.457751 2.4218256 0 0 1 1 1 1 12 12 12 12 12 1 1 0 0 0
1.9851309 1.9662079 2.0809009 2.1272109 2.1532016 0 0 0 1 1 0 14 14 14 14 14 0 1 1 1 1
1.2089603 1.1669542 1.2714148 1.093336 .96943152 0 0 0 0 0 1 10 11 12 13 13 1 1 1 1 1
.22314355 .95124561 .97066063 1.4938136 1.6625787 1 1 1 0 1 0 12 12 12 12 12 0 0 0 0 1
1.1631508 .51187897 1.309636 .78859383 2.0602357 0 0 0 0 0 1 12 12 12 12 12 1 1 1 1 1
1.9459101 1.9979146 1.9448893 2.0499949 2.0823848 1 0 1 1 1 0 12 12 12 12 12 1 1 1 1 1
1.6770965 1.903904 2.0152056 2.0279651 1.6542104 0 0 0 0 0 1 12 13 14 15 15 1 1 1 1 1
2.0255132 1.9966134 1.2098156 1.7169572 2.0680437 0 0 0 0 0 1 12 12 12 12 12 1 1 1 1 1
1.8961195 1.5513024 2.4490702 1.5330342 1.3748966 0 0 0 0 0 1 8 8 8 8 8 0 1 1 1 1
1.5518087 1.741385 1.7920622 1.7561778 1.9700634 0 0 0 0 0 0 15 15 15 15 15 1 1 1 1 1
1.2089603 1.2797496 1.309636 1.4938136 1.3968755 0 0 0 0 0 0 13 14 14 14 14 1 1 1 1 1
1.637053 1.6843255 1.6655607 1.6107073 1.7979833 0 0 1 1 1 0 12 12 12 12 12 1 1 1 0 1
2.9123507 1.2050261 1.3749555 2.6973863 1.6217567 0 0 0 0 0 0 12 12 12 12 12 1 1 1 1 1
1.3862944 .87027657 1.2450975 1.5614722 1.7034007 0 0 0 0 0 0 10 10 10 10 10 1 1 1 1 1
2.2137539 .0067839068 2.2496433 2.3293281 2.3844752 0 0 0 0 0 0 14 14 14 14 14 0 0 1 1 1
1.3217559 1.3442882 1.5327796 -.59366006 1.7034007 1 1 1 1 1 1 10 10 10 10 10 0 0 1 1 0
1.3558352 1.6275856 1.7117622 1.538787 .96943152 0 0 1 1 1 0 15 15 15 15 15 1 1 1 0 1
1.5195132 1.4620713 1.5327796 1.388453 1.5572182 0 0 1 1 1 1 10 11 11 11 11 1 1 1 1 1
1.6094379 1.7002128 1.7623028 1.8992788 1.9502608 0 0 0 0 0 1 10 10 10 10 10 1 1 1 1 1
2.0149031 1.7905753 2.2259266 2.0326433 2.3689711 1 1 1 0 1 1 13 13 13 13 13 1 1 1 1 1
1.8325815 1.8880649 1.9645619 2.1585612 2.0283785 0 0 1 1 1 1 13 14 14 14 14 1 1 1 1 1
1.974081 2.0547841 2.1458006 2.1929429 2.1734042 0 0 0 0 0 1 12 12 12 12 12 1 1 1 1 1
1.6094379 1.5369725 1.8328842 1.8598447 1.7426214 0 1 1 1 1 1 10 10 10 10 10 1 1 1 1 1
2.0794415 1.9728968 1.8692518 2.9978909 2.3235469 1 1 1 1 1 1 12 12 12 12 12 1 1 1 1 1
1.4158531 1.4327569 1.5872678 1.5330342 1.6024748 0 0 0 0 0 0 12 12 12 12 12 0 0 0 0 0
1.7850705 1.8282564 1.7936041 2.0959413 2.1336234 0 1 1 1 1 0 16 16 16 16 17 0 0 0 0 1
1.8325815 2.0324228 1.6496732 1.8992788 2.3965478 0 0 0 0 0 1 12 12 12 12 12 1 1 1 1 1
1.7457155 1.1669542 1.755923 2.2087224 1.6625787 0 0 0 1 0 1 11 11 11 11 12 0 1 1 1 1
1.8164521 1.8450634 2.032342 2.024442 1.6625787 0 0 0 1 1 1 12 12 12 12 12 0 0 0 0 0
1.2947272 1.3215312 1.2662065 1.3218384 1.3386936 1 1 1 1 1 0 12 12 12 12 12 0 0 0 0 0
1.3937664 1.4235613 1.2343736 1.4592221 1.4394352 0 0 0 0 0 0 8 8 8 8 8 1 1 1 1 1
1.0986123 1.8793185 1.8649569 2.0827107 2.1336234 0 0 0 0 0 0 12 12 12 12 12 1 1 1 1 1
2.1690538 2.1552184 1.5815697 1.6761352 1.3409951 0 0 0 0 0 1 12 12 12 12 12 0 0 1 0 0
1.2089603 1.1669542 1.1323019 1.0475265 2.0512366 0 0 0 0 1 0 12 13 14 15 16 0 0 0 0 1
2.0794415 1.9913914 1.34645 1.7577152 1.805235 0 0 0 0 0 0 15 16 16 16 16 1 1 0 0 1
2.4849067 2.4667797 2.5919578 2.7465765 2.355726 0 0 0 0 0 1 12 12 12 12 12 0 1 1 0 0
1.4109869 1.3442882 1.5623384 1.5520825 2.1823642 0 0 0 0 0 0 12 13 14 15 16 1 1 1 1 1
1.7917595 2.2911081 2.4148929 2.4220328 2.4233847 0 0 0 0 0 0 16 16 16 16 16 1 1 1 1 1
1.2669476 1.2797496 1.268814 1.4319382 1.3968755 0 0 0 0 0 1 12 12 12 12 12 1 1 1 1 1
1.453953 1.6627419 1.6280898 1.6335756 1.6542104 0 0 1 1 1 1 12 12 12 12 12 0 0 0 0 0
1.2149127 1.2797496 1.2450975 1.2061316 1.2818062 1 0 0 0 0 0 12 12 12 12 12 1 0 0 0 0
1.5040774 1.2389276 1.1323019 .982988 .56396639 0 0 0 0 0 1 12 12 12 12 12 0 0 0 0 0
2.6034303 2.666044 2.6247029 2.6488061 2.5552595 1 1 1 1 1 1 12 12 12 12 12 1 1 1 1 1
2.7265449 2.4029462 2.6199939 2.5039589 2.3965478 1 1 0 0 1 1 12 12 12 12 12 1 1 1 1 1
1.658228 1.5472291 1.2450975 2.0816002 1.7426214 1 1 0 1 1 1 10 10 10 10 10 1 1 0 0 0
1.4632554 1.4620713 1.5910485 1.6542302 2.2687144 1 1 1 1 1 1 8 8 8 8 8 1 1 0 0 0
1.658228 2.2605789 1.6567656 2.1869607 .40731266 1 1 0 0 1 0 12 12 12 12 12 1 0 0 0 0
1.2029723 1.7905753 2.0176718 1.9397807 2.0108855 0 0 0 0 0 1 12 12 12 12 12 0 0 0 0 1
1.2089603 1.4620713 1.9382447 1.7561778 1.6625787 0 0 0 0 0 1 12 12 12 12 12 0 0 0 0 0
2.0794415 1.7497534 1.77337 1.8952707 2.0108855 1 1 1 1 1 1 9 9 9 9 9 0 0 0 0 0
1.510722 1.6200242 1.8254491 1.9072468 2.0579934 1 1 1 1 1 0 12 12 12 12 12 1 1 1 1 1
1.3217559 1.4049128 1.2945224 1.3705155 1.6758239 1 1 1 1 1 0 13 14 14 14 14 1 1 1 1 1
